stop_id,stop_name,latitude,longitude,nearest_library_km
L0100,Alexandra Arena,53.262148,-113.552313,16.204165452022302
3900,Mill Woods Stop,53.458427,-113.430688,0.4126779222930828
4352,119 Street & 34 Avenue,53.46719,-113.538933,2.6861873118810564
1987,109 Street & Kingsway,53.560528,-113.508606,1.5752990183805673
22732,104 Street & Saskatchewan Drive,53.522846,-113.497704,0.3776535480841839
1091,45 Street & 118 Avenue,53.570427,-113.411149,1.3719321362798924
A0351,Forest Dr & Fernwood Cres,53.635084,-113.598261,5.814230429782027
P0079,Westwind Drive & Kenton Way,53.565657,-113.882407,15.008349973752416
F2009,94 Avenue and 90 Street EB,53.694591,-113.227566,14.231058831792305
4431,106 Street & 36A Avenue,53.471496,-113.503981,0.8893092790521753
5863,175 Street & 87 Avenue,53.519945,-113.623981,1.805503298673511
A0429,Dorchester Dr & Danforth Cr,53.653008,-113.64553,9.48199213415633
2980,115 Street & 51 Avenue,53.488388,-113.529434,1.9506301952370297
3482,92 Street & 34 Avenue,53.465473,-113.470741,2.66056501411587
A0683,Dawson Rd & Lambert Cres,53.643709,-113.635271,8.443589752087318
F4001,86 Avenue and 94 Street EB,53.693324,-113.211778,15.063068274043287
2491,65 Street & 106 Avenue,53.549365,-113.431728,1.0349413528272322
5555,175 Street & 95 Avenue,53.530047,-113.623917,2.3488480270849212
5313,164 Street & Stony Plain Road,53.541234,-113.603813,2.192719901670056
S8800,Premier Wy & Millennium Place,53.557508,-113.313966,5.31227831129931
7397,90 Street & 132 Avenue,53.592202,-113.480159,2.5968109426107033
77630,95 Street & 160 Avenue,53.621637,-113.487161,2.057917862082965
3356,Mill Woods Road E & 20 Avenue,53.452331,-113.409224,1.706671702398663
3272,97 Street & 31 Avenue,53.462866,-113.480861,2.409865183986256
77659,77 Street & Crystallina Nera Way,53.642661,-113.461512,3.7047767116621886
5070,165 Street & 87 Avenue,53.519677,-113.609511,1.3276805184199059
22170,47 Street & 53 Avenue,53.49043,-113.412341,4.159614173188324
8711,186 Street & 111 Avenue,53.559297,-113.643282,4.292837310486001
8212,170 Street & 118 Avenue,53.570578,-113.617166,4.262182290584751
7556,66 Street & 132 Avenue,53.592766,-113.442801,1.2033497306229466
3846,24 Street & 20 Avenue,53.450899,-113.376939,0.8540359963115668
A0398,Richardson Dr East,53.604722,-113.644338,6.933713104969249
3011,Lakewood 3011,53.458553,-113.44566,0.8253086054783816
3560,48 Street & 32 Avenue,53.462941,-113.41594,1.481968229045472
4229,114 Street & 40 Avenue,53.476099,-113.526522,1.534231847785707
A0539,Nakî Transit Station and Park and Ride,53.615613,-113.592434,4.334366236105265
7529,26 Street & 151 Avenue,53.612805,-113.378167,2.0198289486519756
3125,17 Street & Tamarack Gate,53.472357,-113.367743,1.6626004267439816
A0331,Arlington Dr & Abbey Cres,53.629376,-113.591736,5.196086485636713
ODT-2320,81 Street & 76 Avenue,53.512247,-113.451697,1.3524560290354537
1963,109 Street & 108 Avenue,53.55334,-113.50862,1.6675575476196771
7427,78 Street & 154 Avenue,53.616875,-113.462269,1.8519956539127564
99067,Desrochers Drive & Davidson Wynd SW,53.399784,-113.552255,1.2991064432492794
ODT-2938,124 Street & 49 Avenue,53.487007,-113.546392,2.928265552445762
A0805,Deer Ridge Dr & Dubonnet Way,53.653618,-113.661185,10.450184920659508
5276,168 Street & 93 Avenue,53.528315,-113.611166,1.4891189560658766
77265,Brintnell Boulevard & 163 Avenue,53.624944,-113.403096,0.6358468688076094
E156,Rogers Place,53.547615,-113.498147,0.7259664588988376
2476,50 Street & 94B Avenue,53.533982,-113.419346,1.0916561748353033
S6036,Fir St & Oak St,53.51942,-113.30814,7.9765982020800905
3224,Mill Woods Road & Lakewood Road N,53.462521,-113.449995,1.3023295771502603
1467,105 Street & 120 Avenue,53.573305,-113.501149,1.1853276649916804
99013,Heritage Valley Trail & Chappelle Road SW,53.399423,-113.563606,1.9501006770835094
5479,135 Street & Dovercourt Avenue,53.575959,-113.55796,1.3850511368381262
3060,Knottwood Road E & 17 Avenue,53.447999,-113.440783,0.9314796429069782
9304,Watt Common & Ellerslie Road SW,53.423949,-113.425806,3.5513007031004027
1157,66 Street & 118 Avenue,53.570444,-113.444071,0.06660051126540156
2715,Bonnie Doon Stop,53.519699,-113.455351,0.5006023263066727
5650,172 Street & 63 Avenue,53.499451,-113.620838,0.593159644184463
3743,99 Street & 22 Avenue,53.453238,-113.485826,3.1639103292959367
2768,109 Street & Saskatchewan Drive,53.523805,-113.510654,0.9989262741107425
2738,75 Street & Roper Road,53.491766,-113.442961,3.6964111749653608
4582,111 Street & 29A Avenue,53.461084,-113.514954,2.170698933747295
4598,107 Street & 42 Avenue,53.479154,-113.508328,0.2816577473561171
8749,Suder Greens Drive & Picard Drive,53.52273,-113.674736,0.49684905002208113
5914,189 Street & 93 Avenue,53.528232,-113.648757,1.341505045153619
77274,66 Street & 163 Avenue,53.624511,-113.442742,2.1163435997037583
8220,180 Street & 102 Avenue,53.543253,-113.632354,3.197477085547522
6406,170 Street & 132 Avenue,53.59192,-113.614898,4.805163940050136
2184,86 Street & Wagner Road,53.497612,-113.455067,2.895854314176256
7633,Hooke Road & Hermitage Road,53.580752,-113.376419,1.3789930838062507
S4200,Ordze Transit Centre,53.51362,-113.330802,6.775989631710213
8303,178 Street & 116 Avenue nearside,53.567234,-113.627428,4.889442073450732
4688,Leger Boulevard & Leigh Crescent,53.460217,-113.570563,1.2639202903628735
11308,106 Street & 111 Avenue,53.560536,-113.503216,1.262368342884892
4675,Tomlinson Common & 18 Avenue,53.449938,-113.58615,2.0601607978718617
5843,178 Street & 85 Avenue,53.518603,-113.630808,1.6804027589154682
4260,119 Street & 32A Avenue,53.46481,-113.538985,2.833199467807804
9282,141 Street & 28 Avenue SW,53.410865,-113.565193,1.8752494165964604
A0883,Pineview Dr & Page Dr,53.639049,-113.585358,5.235098768639666
4295,Riverbend Road & 51 Avenue,53.488127,-113.577615,2.2338495022682494
3185,34 Street & 35A Avenue,53.467685,-113.392097,1.8338933290241177
9462,178 Street & Wright Drive SW,53.428588,-113.62582,5.237599406422917
4143,106 Street & 40 Avenue,53.474693,-113.505815,0.545159380309243
99208,Allard Road & Allard Boulevard SW,53.397267,-113.527505,1.319096839608163
ODT-9802,Keswick Way & Keswick Boulevard SW,53.418527,-113.646579,6.944102344169277
S5090,Woodbridge Wy & Parker Dr,53.530897,-113.323442,6.3521602083094635
3433,Mill Woods Road & 29 Avenue,53.459629,-113.448175,1.027900414792812
E271,Grey Nuns Stop,53.462229,-113.434377,0.7550579392740029
55118,149 Street & 123 Avenue,53.576828,-113.579033,2.2129319326195507
4201,Century Park Transit Centre Bay A,53.45782,-113.515466,2.526260615452464
A0142,Heritage Way & Harwood Drive,53.612609,-113.630845,6.352388672041363
7797,95 Street & 167 Avenue,53.628685,-113.486501,2.4601627535741386
A0290,Jensen Lakes Blvd & Jensen Gate,53.660085,-113.651627,10.202472197670033
7048,78 Street & 158 Avenue,53.619756,-113.461708,2.1005822396860303
77131,50 Street & 146 Avenue,53.608277,-113.417374,1.292163476649124
3631,99 Street & 23 Avenue,53.45375,-113.485381,3.123031067537477
6493,117 Street & 152 Avenue,53.612298,-113.52373,0.6057778081190623
4085,114 Street & Saddleback Road N Ent,53.461263,-113.527711,2.562618675808979
4538,Riverbend Road & 43 Avenue,53.480177,-113.580263,1.331870456825261
ODT-99124,160 Street & Glenridding Ravine Road SW,53.414117,-113.599716,4.198160704658337
7498,66 Street & 140 Avenue,53.602676,-113.442713,0.21965172567921687
7755,84 Street & 160 Avenue,53.621114,-113.470091,2.542079540278961
1640,124 Street & 104 Avenue,53.54658,-113.535764,2.256782207964819
9444,111 Street & Ellerslie Road SW,53.42497,-113.519566,2.2851345464608808
7268,89A Street & 150 Avenue,53.610962,-113.477777,2.2778402922648286
3320,Granlea Crescent E Ent & 40 Avenue,53.477572,-113.428294,2.495602570568411
2622,86 Street & 58 Avenue,53.494019,-113.45585,3.2899243128676563
1447,44 Street & 121 Avenue,53.575123,-113.409576,1.3188456861997981
7054,66 Street & 144 Avenue,53.604735,-113.44187,0.2965711478346626
9079,175 Street & 10 Avenue SW,53.424128,-113.622865,5.569482581421923
7659,88A Street & 144 Avenue,53.606028,-113.476378,2.0460821170429613
3574,Woodvale Road W & 37A Avenue,53.472377,-113.433643,1.885115139135923
S7017,Craigavon Dr & Craigavon Est,53.536746,-113.269409,8.918466327116555
6559,109 Street & 134  Avenue,53.5949,-113.507762,2.342869991392457
6119,131 Street & 162 Avenue,53.6239,-113.550639,2.4267643787621846
5016,174 Street & 95 Avenue,53.531098,-113.62138,2.2335218266796937
5633,142 Street & 109 Avenue,53.554209,-113.566302,1.3446983397888879
2835,Scona Road & 96 Avenue,53.534674,-113.484033,1.018515557380177
2236,96 Street & 82 Avenue,53.518135,-113.476209,1.2664106582352257
A0271,Cunningham Rd & Stanley Dr,53.628882,-113.602081,5.81842871071796
E89,The Faculty of Dentistry LRT Access,53.524985,-113.523894,1.8568625450332705
77615,Ebbers Boulevard & Ebbers Way N,53.611691,-113.39949,1.1660703407993773
2290,Walterdale Hill & Queen Elizabeth Park Road,53.526925,-113.502298,0.8906415920292711
5704,Mayfield Road & 107 Avenue,53.552371,-113.609506,3.482315917398794
7849,Hooper Crescent W Ent & Hooke Road,53.58442,-113.391078,1.421818874377414
66098,151 Street & 128 Avenue,53.585157,-113.580706,2.6078423138776894
7106,East Clareview Transit Centre Bay P,53.60175,-113.410596,0.5864745097404601
1430,97 Street & 124 Avenue,53.579221,-113.492505,1.4424878595126627
1959,108 Street & Jasper Avenue Nearside,53.541034,-113.506371,1.1372976604959344
7582,55 Street & 145 Avenue,53.608213,-113.425756,1.4281616327752709
2484,75 Street & 101 Avenue,53.541119,-113.44183,0.6454731329188372
1301,Government Transit Centre Bay A,53.536153,-113.504235,1.2474426544007218
A0358,Boudreau Road & Veness Road,53.635943,-113.568624,4.109820137719942
E94,ATB Building LRT Access,53.540924,-113.491376,0.2793700703462057
5082,142 Street & 104A Avenue,53.547043,-113.565607,2.016282487650344
6491,114 Street & 139 Avenue,53.60207,-113.518894,1.5282926846637215
3882,66 Street & Mill Woods Road S,53.446562,-113.436479,0.9983871923028415
22733,99 Street & 87 Avenue,53.522469,-113.486236,0.8177054562553305
3769,Woodvale Road W & 38 Avenue,53.474291,-113.43322,2.098912618819685
6765,151 Street & 131 Avenue,53.590383,-113.581728,2.606305268370691
9352,122 Street & 26 Avenue SW,53.410504,-113.539282,0.3553094437478961
2965,122 Street & 53 Avenue,53.49182,-113.540988,2.805905190150226
7383,95A Street & 132 Avenue Nearside,53.591978,-113.490062,2.8248944890127423
7329,36 Street & 139 Avenue,53.603305,-113.396141,0.43417174410006093
ODT-4595,156 Street & Falconer Road,53.463206,-113.589775,0.7017976088519783
5523,137 Street & 109A Avenue,53.55584,-113.558722,0.9379372452280387
F2004,82 Street and 96 Avenue SB,53.690493,-113.245747,12.970240105767685
F3020,98 Avenue and Ross Drive WB,53.710895,-113.20557,16.43472407583253
5255,Connaught Drive & 102 Avenue,53.543115,-113.542427,2.4190491479170704
Q5266,Southgate Station,53.485752,-113.516722,1.0890181831211998
1726,St Albert Trail & 115 Avenue,53.56505,-113.545803,0.553219026354221
3783,17 Street & 23 Avenue,53.454536,-113.368898,0.34463892361906523
5132,142 Street & 101A Avenue,53.542155,-113.565854,2.5319879026746723
ODT-8722,Hope Road & Hemingway Road,53.487419,-113.678586,3.9315440644234716
5037,130 Street & 102 Avenue,53.543113,-113.546227,2.352539318419959
5102,Jasper Place Transit Centre Bay B,53.540703,-113.591767,1.9472476841947677
7568,95 Street & 171 Avenue,53.632854,-113.489107,2.635713565528266
2580,50 Street & 109 Avenue,53.557535,-113.418951,2.134304650580741
2362,50 Street & 76 Avenue,53.512046,-113.418538,2.993948623629983
4067,108 Street & 25 Avenue,53.455878,-113.508016,2.640157981110845
1620,101 Street & Jasper Avenue,53.54103,-113.495157,0.4402905763106968
5210,Westmount Transit Centre Bay H,53.561479,-113.55574,0.2822091772678956
A0053,SWC Ave & Grandin Village I,53.619837,-113.641784,7.345505535508024
S9223,Regency Dr & Regal Wy,53.515578,-113.25842,9.849882536335436
6578,132 Street & 155 Avenue,53.616804,-113.549121,2.153236194488793
E164,NAIT Blatchford Market Station West Acce,53.5659954,-113.5065439,1.2854507443452379
7648,34 Street & 132A Avenue,53.592752,-113.393185,1.1083876150417993
S8305,Sherwood Dr & Bison Wy,53.549934,-113.29595,6.717845615667412
1280,97 Street & 103 Avenue,53.545933,-113.487051,0.32334656519653776
5192,169 Street & 87 Avenue,53.518917,-113.610964,1.4458018292332238
ODT-6229,104 Street & 178A Avenue,53.642466,-113.500418,3.1625449335009574
S7532,Stop at Sandstone Park,53.565977,-113.251928,9.205063417734006
L0342,13 Street & Spine Road,53.386658,-113.501384,3.341237111776765
2333,77 Street & 95 Avenue,53.533564,-113.44735,1.2354413904826396
ODT-22344,62 Street & 104 Avenue,53.546749,-113.427632,0.8038814185220681
1001,Abbottsfield Transit Centre Bay A,53.571965,-113.390362,0.03713638144207527
7494,78 Street & 157 Avenue,53.618035,-113.462422,1.963430805186612
2751,50 Street & 55 Avenue,53.492277,-113.418023,4.240693831846197
S8107,Bethel Dr & Bethel Wy,53.545836,-113.302143,6.524514520816964
4658,156 Street & Simpson Place,53.438061,-113.589956,3.4008560224226847
8954,172 Street & 105 Avenue,53.548132,-113.617977,3.3206985437606926
L0154,43 Street & 81 Street,53.303008,-113.537358,11.627005214727456
E52,,53.54095,-113.493548,0.36209488387025945
2207,Southgate Transit Centre Bay G,53.485087,-113.516118,1.0113118128774312
6734,138 Street & 155  Avenue,53.616205,-113.559803,2.8573547539631923
1814,132 Street & 111 Avenue,53.558797,-113.548902,0.6423992990535606
9759,141 Street & Paisley Road SW,53.41446,-113.56526,1.9985511483227698
ODT-99193,39 Street & Charlesworth Drive SW,53.426627,-113.400678,3.911764019135522
9078,178 Street & 10 Avenue SW,53.424623,-113.626687,5.644738331877092
2024,86 Street & 51 Avenue,53.487222,-113.454192,3.4246179228873372
9408,Desrochers Boulevard & Desrochers Gate SW,53.39876,-113.546235,1.1287369815733228
3736,32 Street & 18 Avenue,53.447385,-113.387901,1.619030272439028
S7707,Jim Common Dr & Crimson Dr,53.544891,-113.280306,7.888837265925676
2918,50 Street & 68 Avenue,53.505275,-113.418017,3.4122259004897213
ODT-8448,Hope Way & Hope Road,53.486419,-113.679363,4.02950086550433
4016,Hanna Crescent E & Haddow Drive,53.451594,-113.591752,1.943509632307604
A0859,Kingswood Dr & Kingsview Point,53.654042,-113.592566,6.588286448549211
4006,Leger Road & Leger Boulevard,53.460324,-113.575735,1.0447058667905573
9676,85 Street & Edwards Drive SW,53.430116,-113.46386,3.4327572059848532
99179,66 Street & 25 Avenue SW,53.410387,-113.441949,5.039841980443489
ODT-1970,120 Street & 104 Avenue,53.545193,-113.528731,2.5961448525141346
5148,149 Street & 112 Avenue,53.560423,-113.577507,1.6099205037674846
1114,Kingsway RAH Station,53.557487,-113.500684,1.3573717395879619
33115,66 Street & 34 Avenue,53.46548,-113.438033,1.1429338212075224
4560,Cheriton Crescent & Carter Crest Road,53.463057,-113.577799,0.7141666276550076
3313,102 Street & 17 Avenue,53.443864,-113.491928,4.034770140579068
9452,141 Street & Ellerslie Road SW,53.423653,-113.564309,2.5300218739776343
2634,106 Street & 70 Avenue,53.50639,-113.504505,1.52698526090001
6129,105 Street & 132 Avenue,53.592138,-113.501135,2.7363342728353586
3512,Parsons Road & 25 Avenue,53.454318,-113.479021,2.9681484893484633
1644,116 Street & 107 Avenue,53.55148,-113.521982,2.3191924205650607
7752,Miller Boulevard & Matheson Way,53.610053,-113.41252,1.2062570561628954
1452,48 Street & 118 Avenue,53.570284,-113.414839,1.616785650247555
4518,South Terwillegar Drive & Simpson Drive,53.436716,-113.58296,3.526027548192538
4778,Lamb Crescent & Leger Way,53.456698,-113.567655,1.6852065308924347
3790,50 Street & 13 Avenue,53.442805,-113.418471,1.7595558054926106
7072,Fort Road & 131 Avenue,53.590533,-113.432684,1.6770733311603234
2780,91 Street & 58 Avenue,53.493857,-113.466345,2.974297801595195
A0461,SWC Ave & Sturgeon Rd,53.651975,-113.596064,6.623904856514222
4206,Century Park Transit Centre Bay F,53.456886,-113.515457,2.6254948400368745
7692,Belvedere Station,53.588187,-113.433239,1.8889473816198123
6680,Palisades Square,53.600746,-113.544103,1.1444573072173627
E105,South Parkade Access,53.601472,-113.411352,0.6346827768739288
9537,Windermere Road & Whitelaw Lane,53.442177,-113.615367,3.5943970275064787
A0499,Deer Ridge Dr & Dufferin St,53.65584,-113.654829,10.172752821475362
S8138,Jim Common Dr & Charlton Ct,53.544598,-113.284299,7.657246018678846
3603,14 Street & Tamarack Green,53.470256,-113.36196,1.5258602993431951
6143,Castle Downs Road & 152 Avenue,53.611611,-113.516858,0.45929966592028826
1535,95 Street & 110 Avenue,53.557914,-113.485941,0.9762374850506776
2384,92 Street & 92 Avenue,53.52736,-113.468264,0.7291578633564161
1196,97 Street & Jasper Avenue,53.542308,-113.484649,0.343344023682101
S5096,Woodbirdge Wy & Wells Point Ln,53.532834,-113.323295,6.206988276655874
S7901,Emerald Dr & Eton Blvd,53.566814,-113.278657,7.431988559059836
7073,34 Street & 139 Avenue,53.602859,-113.394111,0.5357556235475526
ODT-17725,127 Street & 105 Avenue,53.547722,-113.541037,1.9766152074802166
2797,105 Street & Saskatchewan Drive,53.523216,-113.500075,0.4525552134224939
7608,Fraser Way & 148 Avenue,53.611043,-113.36734,2.5236994959059906
S8207,Bethel Transit Terminal,53.54277,-113.30555,6.484946630648194
9049,66 Street & 6 Avenue SW,53.427071,-113.442769,3.2066684069524256
1739,127 Street & 118 Avenue,53.570212,-113.540609,1.1347438492502522
7682,Ozerna Road & 165 Avenue,53.626958,-113.448326,2.453460634545107
2722,105 Street & 82 Avenue,53.517991,-113.499734,0.22118206650125075
4626,Lindsay Crescent & Leger Boulevard,53.460107,-113.568764,1.3578622598597823
1858,127 Street & 120 Avenue,53.573179,-113.541315,1.3383760730044705
5799,160 Street & 114 Avenue,53.563081,-113.596346,2.815837691141152
2186,50 Street & 101A Avenue,53.542333,-113.418759,0.9293776206570853
8036,Garnett Way & Guardian Road,53.507344,-113.667036,1.7971082090271506
ODT-88355,215 Street & Kinglet Boulevard,53.575165,-113.688969,5.927012324547333
5949,178 Street & 93 Avenue,53.526665,-113.629865,2.5112521022379815
3954,22 Street & Silver Berry Road,53.463423,-113.37316,0.6841974152273141
2437,53 Street & Terrace Road,53.540939,-113.421218,0.7379793858706412
4449,112 Street & 29A Avenue,53.462564,-113.520866,2.187056118487448
4275,111 Street & 40 Avenue,53.475121,-113.51673,0.967843981131446
E172,118 Street Southside,53.570237,-113.458901,0.918409495535755
5737,182 Street & 87 Avenue,53.521484,-113.639395,1.8677425644697538
3373,Woodvale Road W & 37A Avenue,53.473039,-113.43352,1.9589897060190447
99243,Chappelle Way & Chegwin Wynd SW,53.40112,-113.589896,3.551437270213132
3116,34 Street & 23 Avenue,53.453955,-113.394543,1.652354861346204
1134,124 Street & 107 Avenue,53.55059,-113.53601,1.8833478381957072
4246,Bulyea Road & Burton Road N,53.475774,-113.572648,1.1044960070544243
A0074,Riel Dr & SWC Ave,53.626824,-113.636212,7.410263226164371
6358,112 Street & 129 Avenue,53.587392,-113.513047,1.9725697150052466
A0010,Oakmont Dr & Oak Vista Dr,53.661431,-113.60611,7.80325145149859
7769,Miller Boulevard & Matheson Way,53.610628,-113.411752,1.2304608663850454
8455,186 Street & 116 Avenue,53.565443,-113.644345,4.912030297012824
S1007,Sherwood Dr & Festival Wy,53.527619,-113.295876,7.961437400559609
7935,19 Street & 147 Avenue,53.610072,-113.36902,2.3773981521373093
L0115,Bridgeport Crossing & 50 Avenue,53.265519,-113.576648,16.012234827857046
2050,61 Street & 94B Avenue,53.533978,-113.426694,0.7718766488870635
2127,96A Street & 98 Avenue,53.537894,-113.477397,1.00206518160373
77185,45 Street & 153 Avenue,53.61583,-113.409423,1.3534014980295055
2910,Bonnie Doon Mall,53.52055,-113.456258,0.3883996001925759
3852,24 Street & 23 Avenue,53.454012,-113.379778,0.7347536969513232
1261,47 Street & 118 Avenue,53.570419,-113.414366,1.5842201264583335
1340,50 Street & 123 Avenue,53.578395,-113.419003,1.9322561739958883
4489,Oeming Road & Oakes Gate,53.466948,-113.571972,0.799789708985726
5295,167 Street & 95 Avenue,53.531556,-113.60971,1.5809595889526487
E148,Stadium TC at 111 Avenue,53.559728,-113.470067,1.370835575043857
ODT-8962,1165 Potter Greens Drive,53.51364,-113.67163,1.1323616546432125
2547,83 Street & 106 Avenue,53.549483,-113.456216,1.9027158132535409
7378,66 Street & Delwood Road,53.595529,-113.443705,0.8902266191929273
7884,Victoria Trail & Hooke Road,53.584042,-113.384925,1.4286035975216698
5540,182 Street & 93 Avenue,53.528331,-113.638873,1.9641610792964492
7462,92 Street & 179 Avenue,53.642138,-113.482308,3.713742183120007
33000,Maple Way & 39 Avenue,53.476639,-113.347986,2.598038567978555
S9023,Nottingham Blvd & Norland Cl,53.515972,-113.280042,8.849482577229008
F5005,Southfort Drive and 84 Street SB,53.684469,-113.230395,13.513132963064834
7208,Belvedere Transit Centre Bay H,53.588048,-113.43504,1.8539388033732724
5336,137 Street & 115 Avenue,53.565259,-113.558414,0.34478436561016174
8512,178 Street & 118 Avenue,53.570002,-113.627408,4.921952956056615
7295,90 Street & 135 Avenue,53.595961,-113.480037,2.415675095402609
5126,156 Street & 107 Avenue,53.550973,-113.589808,2.7744749398310606
6221,105 Street & 129 Avenue,53.587437,-113.501136,2.4910444531466696
4862,Haddow Drive & Haswell Gate S,53.452288,-113.596971,1.9955300368309024
A0225,Woodlands Rd & Wimbleton Cres,53.644089,-113.597646,6.219510721767544
9836,Cunningham Way & Cunningham Way SW,53.405609,-113.531681,0.44350381989095505
F1010,Westpark Way and Westpark Road SB,53.689729,-113.254346,12.447220874153276
4937,Magrath Road & Magrath Boulevard,53.450004,-113.559239,2.6160820482396447
5679,159 Street & Whitemud Drive,53.513355,-113.596809,1.1779817441726699
S1077,Georgian Wy & Glenridge Rd,53.536219,-113.288796,7.811519237917491
4188,106 Street & 21 Avenue,53.452082,-113.503783,3.05002308723666
6707,Hudson Road & 141 Avenue,53.604005,-113.55428,1.6959037045193315
ODT-5318,149 Street & 90 Avenue,53.522813,-113.578068,0.8191666208941012
3167,45 Street & 12 Avenue,53.440308,-113.408505,2.4069453626528694
9686,88 Street & Summerside Grande Boulevard SW,53.417877,-113.467377,4.721266432552904
55116,149 Street & 110 Avenue,53.555471,-113.578235,1.8596259487483415
3720,Windross Crescent E & 37A Avenue,53.472496,-113.37013,1.6688459531518747
5357,149 Street & 118 Avenue,53.570495,-113.579752,1.8720128039979014
6536,97 Street & 153 Avenue,53.613312,-113.492173,1.6411048437742022
E254,Royal Alberta Museum LRT Access,53.54677,-113.488106,0.38028061850867934
6628,134 Street & 150 Avenue,53.612486,-113.550473,2.2685525597004927
A0110,North Ridge Dr & Naples Way,53.645303,-113.671132,10.477982233290197
3409,Parsons Road & 23 Avenue,53.452583,-113.478002,2.915315451334426
ODT-33344,17 Street & 19 Avenue,53.450096,-113.369274,0.8275707254637605
6309,Eaux Claires Transit Centre Bay I,53.618143,-113.489688,1.8031588246240349
E214,,53.570868,-113.458203,0.8719567785602249
6457,117 Street & 129 Avenue,53.587539,-113.523037,1.3223190873695818
2420,50 Street & 106 Avenue,53.551349,-113.417874,1.5760875628326476
5168,St Georges Crescent & 102 Avenue,53.542959,-113.554837,2.3154785843126926
5898,184 Street & 84 Avenue,53.517426,-113.640052,1.780370861560622
8060,Hope Road & Hemingway Road,53.488124,-113.677616,3.838342078245846
6098,112 Street & Castle Downs Road,53.62657,-113.513335,1.2254375846060421
5759,188 Street & 72 Avenue,53.505553,-113.648369,1.4925426567785365
5248,135 Street & 115 Avenue,53.564893,-113.554809,0.14122915633382346
4238,119 Street & Fairway Drive,53.4721,-113.538946,2.4539640832450806
ODT-7362,69 Street & 129 Avenue,53.58759,-113.447422,1.7665308699398496
A0233,Burnham Ave & Bellevue Cres,53.640893,-113.613815,7.012630048490545
3108,66 Street & 19 Avenue,53.449955,-113.435283,0.613914827714499
6592,St Albert Trail & 137 Avenue,53.599566,-113.577131,2.5124042945876788
3140,50 Street & Mill Woods Road S,53.44585,-113.420408,1.4148792578424045
1384,57 Street & 118 Avenue,53.570431,-113.429508,1.0297741015541912
5753,184 Street & 66 Avenue,53.500403,-113.639786,0.9840257718819982
33350,66 Street & 36A Avenue,53.470595,-113.439144,1.715586397086226
3979,Maple Road & Maple Way,53.476088,-113.353963,2.3385469150605096
9028,62 Street & 2 Avenue SW,53.429519,-113.435869,2.8870865555086773
7549,69 Street & 144 Avenue,53.605245,-113.447581,0.23443756164729518
4511,MacTaggart Crest & MacTaggart Drive,53.438117,-113.558866,3.691981486653315
9248,6056 Currents Drive E,53.436377,-113.599868,3.720390917282379
S5011,Main Blvd & Millers Rd,53.536278,-113.303806,6.96717926621152
7470,26 Street & 151 Avenue,53.612876,-113.378293,2.018418068738084
5996,178 Street & 64 Avenue,53.499074,-113.630349,0.5947097879091019
2149,92 Street & 93 Avenue,53.528683,-113.468422,0.831970427741594
2561,45 Street & 103 Avenue,53.544998,-113.411205,1.4992535032072423
A0971,St. Albert Centre Exchange,53.640453,-113.62348,7.585296191521391
5374,156 Street & 114 Avenue,53.563084,-113.58983,2.3842583034838185
ODT-5626,Westridge Road E & Wolf Willow Road,53.507088,-113.604874,1.4542962612246817
3311,17 Street & Silver Berry Road,53.463125,-113.368936,0.6332092332465625
5381,178 Street & 89 Avenue,53.523448,-113.630277,2.2077008664040165
4119,Rabbit Hill Road & Magrath Boulevard,53.448878,-113.565697,2.4816885426484863
7467,46 Street & 137 Avenue,53.597124,-113.408387,0.6388983734493288
L0359,36 Avenue & 8 Street,53.383288,-113.513503,3.1324228301473256
A0015,SWC Ave & Grandin Village I,53.619865,-113.642105,7.365927370333189
9607,162 Street & Glenridding Boulevard SW,53.420857,-113.601198,4.4851798851459765
QUNI,University Station,53.525145,-113.521555,1.7177522995751284
1015,Wayne Gretzky Drive S & 118 Avenue,53.570463,-113.454492,0.6256575021076001
3573,Jefferson Road & Jackson Road,53.484395,-113.405007,3.7664303298761617
6007,Castle Downs Transit Centre Bay G,53.61678,-113.516644,0.11624161810569618
Q4169,DL MacDonald Platform,53.595157,-113.422105,1.5101081832379695
9046,66 Street & 2 Avenue SW,53.4305,-113.442715,2.830920179907898
88152,Granville Link & Gourlay Close,53.501953,-113.681971,2.585689675945207
S7506,Clover Bar Rd & Summerwood Blvd,53.561166,-113.273104,7.867878320453847
22659,75 Street & 86 Avenue,53.520762,-113.443052,1.1248103399720215
5849,184 Street & 69 Avenue,53.50255,-113.639793,0.9203779640830334
2788,108 Street & 82 Avenue,53.518206,-113.509737,0.8248279732504582
1584,53 Street & 118 Avenue,53.570286,-113.422478,1.4957309175806968
11372,97 Street & 103A Avenue,53.546688,-113.486701,0.40748001543952367
A0072,SWC Ave & Tache St,53.629624,-113.629971,7.250140472619589
4562,106 Street & 32A Avenue,53.465143,-113.503893,1.5963899636901808
1296,34 Street & 118 Avenue,53.570477,-113.394411,0.2875957357276009
3364,Mill Woods Road E & 29 Avenue,53.459611,-113.407064,1.8727662592755228
F3006,99 Avenue and Sherridon Drive SB,53.706248,-113.220236,15.343264175591022
ODT-4437,Falconer Road & Farnell Close,53.467159,-113.588609,0.3495917269764599
4268,Riverbend Road & 40 Avenue,53.478615,-113.581384,1.1484954912905738
A0377,St Vital Ave & St Albert Trail,53.640118,-113.625591,7.7024265992686995
5574,163 Street & 105 Avenue,53.548972,-113.602544,2.976429163613459
2694,Meadow Drive & Maple Ridge Drive,53.499316,-113.364828,4.6683228577776426
1483,116 Street & 111 Avenue,53.558996,-113.521849,2.186570136600235
2880,111 Street & 65 Avenue,53.502039,-113.517055,2.333202556743441
2267,79 Street & 106 Avenue,53.549446,-113.449876,1.5662702709686325
7906,West Clareview Transit Centre Bay E,53.60265,-113.411588,0.6671043683504033
A0152,Heritage Drive & Hudson Road,53.612358,-113.621016,5.74608513183459
1573,84 Street & Jasper Avenue,53.555233,-113.471084,1.6591297461759644
2002,University Transit Centre Bay B,53.524746,-113.521197,1.679632154725395
66176,Albany Way & 167 Avenue,53.628795,-113.556277,2.998916513418212
1715,Abbottsfield Road & 118 Avenue,53.571668,-113.387507,0.20107109446307478
77674,Cy Becker Road & Cy Becker Boulevard,53.634779,-113.407223,0.8070761585959159
4854,Towne Centre Boulevard & Terwillegar Boulevard,53.445057,-113.577672,2.6286959053465484
4049,113 Street & 31 Avenue,53.463821,-113.524783,2.2185201413877995
F4008,101 Street and 88 Avenue SB,53.699796,-113.204222,15.852295591593762
3692,97 Street & 39 Avenue,53.473821,-113.479516,1.7511881225308243
88171,Rosenthal Way & Rosenthal Link,53.523494,-113.695663,1.8775198993192173
6498,Hudson Way & Cumberland Road,53.60438,-113.544112,1.5474484588308317
5593,Wellington Crescent & 102 Avenue,53.542974,-113.545195,2.3832086477774848
33029,24 Street & 16 Avenue,53.444553,-113.375519,1.4809064095632058
A0100,SWC Ave & Tache St,53.629784,-113.628909,7.2048309168464195
1925,Government Station,53.535885,-113.510327,1.5969827356841957
3521,44 Street & Kulawy Gate,53.473956,-113.406867,2.7537730623101453
88246,199 Streeet & Lessard Road,53.477291,-113.671709,4.226070824324768
8101,182 Street & 102 Avenue,53.543367,-113.636635,3.007136355105632
S7923,Emerald Dr & Ebony Blvd,53.5664,-113.2912,6.60740543571721
A0737,Heritage Dr & Hudson Rd,53.611891,-113.619673,5.643570377757458
9625,Watt Boulevard & 12 Avenue SW,53.422966,-113.436173,3.6166653062421648
1332,74 Street & 112 Avenue,53.561864,-113.452024,1.0744902438191652
2038,45 Street & 105 Avenue,53.548492,-113.411209,1.6806346589410008
ODT-9436,Keswick Way & Kidd Bay SW,53.421284,-113.644592,6.619904403513903
A0313,Akins Dr & Acorn Cres,53.630439,-113.587925,4.992932196815948
A0349,Rose Gate & McKenney Ave,53.630245,-113.659392,8.918703628578982
S7870,Lakeland Dr & Aspen Tr,53.556871,-113.281629,7.401489441373064
2944,114 Street & 74 Avenue,53.510514,-113.525672,2.118439269998826
1242,124 Street & 102 Avenue,53.542251,-113.536015,2.669778192076304
1887,124 Street & 109A Avenue,53.556118,-113.535806,1.4678212415886358
A0929,Hogan Rd & Dunfield Cr,53.649803,-113.664159,10.415822470675975
9121,Edwards Drive & Ellerslie Road SW,53.425382,-113.455164,3.6196789945615335
3155,Mill Woods Road E & 18 Avenue,53.449767,-113.40787,1.871052788599828
8395,170 Street & 109 Avenue,53.555725,-113.615548,3.9828011229512374
ODT-8869,Lewis Estates Boulevard & Potter Greens Drive,53.514667,-113.677182,1.178646468877236
88114,199 Street & 27 Avenue,53.458875,-113.66466,5.475912394989866
E247,Scotia Place,53.541144,-113.492929,0.31779192084616054
2500,50 Street & 67 Avenue,53.502755,-113.418017,3.586145726414012
22537,80 Street & Wagner Road,53.498899,-113.449601,2.8141983732532334
6468,Griesbach Road & 152 Avenue,53.612669,-113.508558,0.6341160321452035
8365,173 Street & 118 Avenue,53.570507,-113.621626,4.551945488595426
E205,,53.601624,-113.411634,0.6540506797004559
2744,109 Street & 84 Avenue,53.519765,-113.512222,0.9784405175716261
3250,27 Street & 43A Avenue,53.481394,-113.382166,2.7716870422908935
8592,184 Street & 116 Avenue,53.56588,-113.638929,5.080223392806257
Q1660,NAIT Blatchford Market Station,53.566634,-113.508774,1.4311020371585494
A0667,Erin Ridge Dr & Boudreau Rd,53.654327,-113.624373,8.321005712324261
7728,88A Street & 144 Avenue,53.605699,-113.477142,2.091436126843921
7357,59 Street & 132 Avenue,53.59217,-113.431576,1.5669025180858638
3267,Jefferys Crescent & Jamha Road,53.484232,-113.411827,3.53663676786259
1023,96 Street & 111 Avenue,53.559217,-113.490462,0.8559806275445144
4425,Fort Edmonton Park Road & Fox Drive,53.503054,-113.561903,2.9349568581475665
3540,97 Street & 32 Avenue,53.464763,-113.479478,2.3158136337272435
5854,178 Street & 74 Avenue,53.505562,-113.630846,0.3741676953790908
8608,Lewis Farms Transit Centre Bay H,53.523089,-113.666635,0.06531285209016181
ODT-9669,Blackmud Creek Crescent & Bowen Wynd SW,53.418723,-113.512202,2.100212428990923
S7272,Primrose Blvd & Clover Bar Rd,53.546092,-113.261556,9.008377877113409
A0402,Richardson Dr West,53.605603,-113.647067,7.132126865276942
A0783,Larose Dr & Leddy Ave,53.646478,-113.64142,8.936149831329951
2568,57 Street & 94B Avenue,53.533971,-113.423139,0.9089432142690539
3675,99 Street & Parsons Road,53.442266,-113.482787,3.5347898704163248
99080,Keswick Link & 28 Avenue SW,53.410384,-113.627548,5.99243036713246
3144,46 Street & Mill Woods Road S,53.443815,-113.409929,2.0770424932130473
6194,99 Street & 176 Avenue,53.639084,-113.497545,2.889247721830078
6674,110 Street & 176 Avenue,53.639866,-113.512348,2.700589597040748
E78,,53.525106,-113.521228,1.695996906630625
P1007,Spruce Grove Transit Centre,53.567373,-113.877471,14.75973535776492
77697,45 Street & 153 Avenue,53.615486,-113.408308,1.3999758911233335
3491,Jarvis Crescent W & Jamha Road,53.484882,-113.416743,3.47926987685208
9777,James Mowatt Trail & 26 Avenue SW,53.407482,-113.532707,0.323339763481908
7263,94A Street & 153 Avenue,53.614478,-113.486551,1.9957362881051606
ODT-2467,48 Street & 93 Avenue,53.530369,-113.411643,1.7417220414998007
3391,85 Street & 36 Avenue,53.470032,-113.459853,2.3448111691854345
88434,199 Street & East Gate,53.47282,-113.665166,4.312614577867892
8087,213 Street & 96 Avenue,53.533579,-113.685987,1.669620301306881
6564,121 Street & 159 Avenue,53.619952,-113.53328,1.197384248464899
1491,34 Street & 106 Avenue,53.55972,-113.394667,1.3554998593550378
1490,53 Street & 123 Avenue,53.578292,-113.422573,1.7186205334042757
1075,105 Street & 118 Avenue,53.570426,-113.501666,1.0478557172087013
77252,Northgate Mall,53.598588,-113.490037,2.5964430286656843
3467,48 Street & 28 Avenue,53.459413,-113.417458,1.2076858413874032
A0327,Arlington Dr & Ash Cres,53.625214,-113.596544,5.269997920057946
6033,Beaumaris Road & 155 Avenue,53.616488,-113.502112,0.9646266221721276
ODT-8519,Breckenridge Drive & Brennan Crescent,53.516583,-113.686873,1.5056745502545938
6554,109 Street & 134 Avenue,53.595017,-113.508751,2.281682712808554
ODT-2582,87 Street & 76 Avenue,53.512334,-113.461704,1.2527831558800682
A0819,Dunbar St & Deerbourne Dr,53.65459,-113.632528,8.801758437886848
5908,187 Street & 52 Avenue,53.488461,-113.647874,2.2352362712490623
7177,55 Street & 144 Avenue,53.606779,-113.425185,1.4131326405738385
8128,178 Street & 109 Avenue,53.555698,-113.627449,4.369722283071815
9110,Winspear Crescent & Winspear Common SW,53.414663,-113.438972,4.549026698383844
2688,99 Street & 80 Avenue,53.515846,-113.486256,0.8459490850097947
A0875,Parkwood Dr & Primeau Lane,53.638997,-113.592715,5.660338795929351
5270,156 Street & 77A Avenue,53.51019,-113.590229,1.450887367687286
5392,136 Street & 111 Avenue,53.558999,-113.558285,0.6050243126229548
3612,28 Street & 34 Avenue,53.465582,-113.383764,1.2640606490373432
8760,172 Street & 107 Avenue,53.552915,-113.617988,3.7767589041080147
S5126,Main Blvd & Malvern Dr,53.537595,-113.318374,6.1024925662632015
2954,Gateway Boulevard & Whitemud Drive,53.48254,-113.491883,0.8807729901209499
1761,Groat Road & 116 Avenue,53.56716,-113.549259,0.4864964366352169
5839,Lessard Road & Dechene Way,53.488623,-113.63379,1.7619008033189625
4149,106 Street & 31 Avenue,53.463676,-113.502658,1.7622716415842286
9321,Glenridding Way & Glenridding Boulevard SW,53.421277,-113.597637,4.279079755010829
6382,139 Street & 158 Avenue,53.61926,-113.562255,3.044412233688344
88704,Richard Rice Boulevard & Sunwapta Way,53.446634,-113.66931,6.176678627280871
E286,Muttart Stop West Entrance,53.536065,-113.480188,1.0103497929300334
6444,123A Street & 137 Avenue,53.599345,-113.534426,1.1146270045780553
L0212,50 Street & 61 Avenue,53.274207,-113.549684,14.85424346208893
7029,57 Street & 162 Avenue,53.623318,-113.426515,1.1317255919581783
6080,112 Street & Castle Downs Road,53.625479,-113.51555,1.0867867487442953
7727,50 Street & 137 Avenue,53.596381,-113.413661,0.9590722019382552
7526,55 Street & 144 Avenue,53.606997,-113.426196,1.3555910148320194
7640,Henry Avenue & Hermitage Road,53.585465,-113.405395,1.7788933658593251
1803,Princess Elizabeth Avenue & Kingsway,53.5622,-113.512061,1.7218890963825795
7030,63 Street & 156 Avenue,53.616866,-113.43803,1.5806722478517397
9421,James Mowatt Trail & 30 Avenue SW,53.404503,-113.537963,0.3323564904029764
6442,127 Street & 135 Avenue,53.596367,-113.540484,0.6631635102319816
1163,95 Street & 115 Avenue,53.565733,-113.486574,0.1100181710283241
9384,Easton Road & Edwards Drive SW,53.429672,-113.466696,3.5831167562734203
5474,145 Street & 80 Avenue,53.514687,-113.571288,1.5843421948172653
2877,Davies Station,53.499621,-113.443907,2.849319010799917
5699,178 Street & 69 Avenue,53.501698,-113.631109,0.40597499790263475
7664,31 Street & 139 Avenue,53.603002,-113.391533,0.7035369859877063
5902,187 Street & 97A Avenue,53.533661,-113.644555,1.8887188536423638
A0221,SWC Ave & Franklin Pl,53.638096,-113.605395,6.378100037728484
3582,29 Street & 43A Avenue,53.481154,-113.386705,2.8466184050654078
S9234,Foxboro Dr at Foxboro Rd,53.524842,-113.252552,10.525997689700045
77289,90 Street & 130A Avenue,53.590284,-113.479596,2.674796934735675
3822,50 Street & 19 Avenue,53.450352,-113.419049,1.1655507314326756
1684,109 Street & 104 Avenue,53.54634,-113.509249,1.3360718014890847
77679,37 Street & 153 Avenue,53.614272,-113.40016,1.4474542645859378
8584,Jennifer Heil Way & TransAlta Tri Leisure Centre,53.549336,-113.934863,17.968171577780915
4398,Riverbend Road & 48 Avenue,53.486447,-113.577988,2.045522922778488
6132,129 Street & 132 Avenue,53.592155,-113.54385,0.20720371398450405
2731,106 Street & 73 Avenue,53.509683,-113.504346,1.1791531004868925
4093,1327 Carter Crest Road,53.464705,-113.58243,0.4201074532317742
22149,71 Street & 72 Avenue,53.508192,-113.434848,2.3561351225013185
4637,2019 Leger Road,53.457151,-113.583655,1.2513343965052581
6572,127 Street & 152 Avenue,53.613778,-113.541105,1.6341203134514264
2096,97 Street & 82 Avenue,53.517944,-113.479301,1.2174671158778274
5064,156 Street & 105 Avenue,53.548195,-113.590214,2.7789964586940106
S8808,Premier Wy & Pembina Rd,53.5656,-113.3163,4.964529856027991
6393,148 Street & 131 Avenue,53.590026,-113.574448,2.1249047969584756
5726,190 Street & 52 Avenue,53.488718,-113.650884,2.3489393053766707
28861,111 Street & 65 Avenue,53.501894,-113.51635,2.321070660020111
4316,Mullen Place & Mullen Road,53.433993,-113.570339,3.6678812041759
A0259,SWC Ave & Ridgewood Terr,53.638156,-113.60571,6.399890818355742
A0135,Mission Ave & Milburn Cr,53.637429,-113.643708,8.499602235724527
8853,Grove Drive & Spruce Village Way,53.557818,-113.878501,14.510124146562507
5046,167 Street & 83 Avenue,53.516456,-113.609024,1.4469646818877946
ODT-4038,142 Street & 50 Avenue,53.487606,-113.565582,2.455576277588935
99387,182 Street & Keswick Drive SW,53.413258,-113.636343,6.599767792418395
3827,72 Street & 23 Avenue,53.453642,-113.44455,0.7047737133752084
5439,149 Street & 99 Avenue,53.53743,-113.57811,1.778558906050377
1624,76 Street & 120 Avenue,53.573419,-113.457947,0.9109375287963537
F5012,Southfort Drive and Allard Way NB,53.691812,-113.217581,14.646132505230955
6867,134 Street & 165 Avenue,53.626633,-113.55373,2.73796677685788
2831,99 Street & 69 Avenue,53.505215,-113.486373,1.7477985456794551
ODT-1936,111 Street & Jasper Avenue,53.541929,-113.512,1.490194358627327
7830,Belvedere Station,53.588349,-113.4328,1.8858328789924925
7242,26 Street & 140 Avenue,53.603198,-113.382182,1.3137042552828613
9356,125 Street & 20 Avenue SW,53.41389,-113.538296,0.7150306463314186
8179,Rosenthal Way & Rosenthal Link,53.523125,-113.69528,1.852571872180128
22184,42 Street & Roper Road,53.495627,-113.406607,4.677845976898569
2988,116 Street & Belgravia Road,53.50703,-113.531897,2.6693347037850184
7097,97 Street & 129B Avenue,53.589889,-113.491785,2.603883781456804
8730,Century Road & Grove Drive,53.557857,-113.887116,15.062951733197739
S8322,Jim Common Dr & Catalina Dr,53.551555,-113.285991,7.279869251025072
88707,218 Street & 92 Avenue,53.527163,-113.694337,1.83559711386909
L0110,50 Street & 65 Avenue,53.277481,-113.548667,14.48681094438903
5097,163 Street & 99 Avenue,53.537795,-113.60261,1.8124022069691248
A0005,Grosvenor Blvd & Glenmore Cres,53.627081,-113.626728,6.909384836221084
5305,146 Street & 111 Avenue,53.559,-113.570609,1.2293272747170565
4364,Burton Road & Butchart Drive,53.475102,-113.569325,1.2154186445160362
2864,102 Street & 82 Avenue,53.517938,-113.493408,0.31852990343560733
2071,67 Street & 106 Avenue,53.549368,-113.433204,1.036602993102871
77125,14 Street & Fraser Way,53.611487,-113.36429,2.7275521952932507
F3015,100 Avenue and 108 Street EB,53.714491,-113.206713,16.600805820461318
3946,Silver Berry Road & 28A Avenue,53.458246,-113.386644,1.082905735305177
6257,119 Street & 137 Avenue,53.599366,-113.527519,1.391814977108347
4075,119 Street & 23 Avenue,53.453758,-113.533364,3.4598241390286812
7321,88 Street & 130 Avenue,53.589188,-113.476636,2.585991860330462
5078,152 Street & 118 Avenue,53.570499,-113.583981,2.131841503257904
E281,Holyrood Stop South,53.527791,-113.457409,0.4945758873758282
6533,St Albert Trail & 130 Avenue,53.58991,-113.564667,1.4780658827963178
3623,97 Street & 41 Avenue,53.476203,-113.47952,1.6738060254586757
3017,34 Street & Kaufman Way,53.467234,-113.393975,1.9045134060797064
6037,100 Street & 156 Avenue,53.616626,-113.495827,1.3804705897940965
A0003,Grandin Rd & Glen Meadow Cres,53.625696,-113.621704,6.550318341676529
7854,37 Street & 134 Avenue,53.594897,-113.398098,0.7531528236377183
2159,83 Street & 82 Avenue,53.518156,-113.456685,0.621417899559399
2293,79 Street & 104 Avenue,53.546123,-113.449385,1.3203580385140714
ODT-33017,12 Street & Aster Boulevard,53.45001,-113.36171,1.0137427963173287
66105,153 Street & 131 Avenue,53.59038,-113.584772,2.807870944169179
77842,66 Street & 167 Avenue,53.629477,-113.442746,2.0888075003293345
9701,Rutherford Road & 13 Avenue SW,53.420039,-113.521276,1.7684446586096847
6729,134 Street & 153 Avenue,53.614671,-113.551818,2.3315020825018853
3444,Mill Woods Road E & 26 Avenue,53.4578,-113.408979,1.707527136824221
5238,156 Street & 76 Avenue,53.508359,-113.590248,1.654656455708499
5670,175 Street & 99 Avenue,53.536314,-113.622095,2.5572240862008706
23359,52 Street & Fulton Road,53.547508,-113.419384,1.1886631367232563
6352,121 Street & 153 Avenue,53.617058,-113.531042,0.9648189524109426
L0347,5 Street & 25 Avenue,53.352285,-113.531466,6.156250780826054
Q3623,Clareview Station,53.601592,-113.411819,0.6660978926059075
A0020,Erin Ridge Dr & Ellington Cr,53.666661,-113.622271,8.99662361272042
S9184,Granada Blvd & Colwil Blvd,53.523249,-113.27038,9.61546640743061
2541,34 Street & 76 Avenue,53.512319,-113.392545,4.058957191730846
L0105,Black Gold Drive & Rollyview Road,53.251045,-113.525204,17.429516014944657
ODT-1558,65 Street & 121 Avenue,53.575069,-113.441108,0.5637428735477544
4011,Hodgson Road & Hodgson Boulevard,53.458722,-113.563006,1.74939662098613
A0999,Boudreau Rd & Ironwood Dr,53.652027,-113.621781,8.043248318263723
5582,142 Street & 118 Avenue,53.569833,-113.565942,1.0477851270930798
1440,32 Street & Abbottsfield Road,53.575153,-113.390635,0.3900334702002373
8166,211 Street & 96 Avenue,53.53238,-113.682387,1.4045665140660468
6757,156 Street & 128 Avenue,53.585322,-113.59009,3.2125831697087337
4162,104A Street & 21 Avenue,53.452479,-113.498953,3.0252976630147503
1778,121 Street & Kingsway,53.569616,-113.529513,1.7402507017756008
3033,Knottwood Road W & 16 Avenue,53.44532,-113.462546,2.1843510732944127
1176,34 Street & 114 Avenue,53.567157,-113.393604,0.5395348938016941
4326,106A Street & 25 Avenue,53.456152,-113.502906,2.5982258543006096
9633,156 Street & Windermere Boulevard SW,53.433338,-113.592033,3.9400113412683315
3279,76 Street & Millbourne Road W,53.481242,-113.453115,3.1291014557043075
2819,50 Street & Eleniak Road,53.500956,-113.418038,3.71725105771367
2315,Gateway Boulevard & 48 Avenue,53.4856,-113.492871,1.010404890544916
7445,24 Street & 137 Avenue,53.599942,-113.379244,1.4988587455653306
7135,82 Street & 130 Avenue,53.588781,-113.467368,2.16846622268477
A0034,Oakridge Dr S & Otter Cr,53.658059,-113.604645,7.4886138638713735
4759,South Terwillegar Drive & Shaske Gate,53.436097,-113.577972,3.61508036453405
9145,70 Street & Shaw Way SW,53.41407,-113.450139,4.722387294309142
3192,Tamarack Road & 37A Avenue,53.47324,-113.365289,1.7840089458712207
A0388,Willoughby Dr & Wycliff Pl,53.646484,-113.599365,6.45491594444187
2030,46 Street & 106 Avenue,53.550978,-113.413083,1.757391594722198
S8111,Sherwood Dr & Cranford Wy,53.543045,-113.295418,7.062080309612932
6294,109 Street & Beaumaris Road,53.621787,-113.510262,0.7945872468548653
5229,156 Street & 110 Avenue,53.5559,-113.590067,2.553342157391797
9559,Windermere Wynd & Wahl Place,53.442089,-113.622487,3.896950597221029
22229,113 Street & 60 Avenue,53.499069,-113.52234,2.492461939653336
6447,100 Street & 160 Avenue,53.621215,-113.495742,1.5109946384259951
1203,Coliseum Transit Centre Bay C,53.570721,-113.459617,0.965172162555525
2598,50 Street & 72 Avenue,53.508418,-113.418073,3.213303969451115
1531,82 Street & 111 Avenue,53.55968,-113.468019,1.4877879045261309
6388,St Albert Trail & 130 Avenue,53.58882,-113.564173,1.4561102564035997
2776,113 Street & 65 Avenue,53.501197,-113.523009,2.645363288191756
E1,Churchill Square At 100 St & 102 Ave,53.543522,-113.490144,0.031535282422004235
7697,97 Street & 144 Avenue,53.606705,-113.490545,1.9978875139840897
3597,57 Street & 40 Avenue,53.476145,-113.423299,2.418516834115985
6002,Castle Downs Transit Centre Bay B,53.61668,-113.51621,0.10877852628159311
2275,75 Street & 106 Avenue,53.549233,-113.442452,1.2234059934692292
1223,106 Street & 117 Avenue,53.567449,-113.503102,1.0589883414192576
E276,Avonmore Stop North Entrance,53.509521,-113.455082,1.582133650837959
9215,121 Street & 22 Avenue SW,53.411364,-113.536519,0.4378690107404871
3759,32 Street & 23 Avenue,53.453981,-113.385829,1.097961914094097
7337,68 Street & Delwood Road,53.595707,-113.446559,0.8613266891985469
4458,108 Street & 40 Avenue,53.475503,-113.511311,0.6513974993465647
ODT-66110,140 Street & 167 Avenue,53.628604,-113.561822,3.3153708183062465
7943,Clareview Road & 132A Avenue,53.593774,-113.384358,1.4250477593514665
6230,121 Street & 146 Avenue,53.608837,-113.531062,1.2253291155761512
6930,102 Street & 134 Avenue,53.59457,-113.494365,2.7788559685095464
4720,Leigh Crescent & Leger Boulevard,53.460215,-113.568882,1.3439498257143119
6419,127 Street & 158 Avenue,53.620592,-113.541042,1.7032672546282848
A0078,Riel Dr & Rayborn Cres,53.624433,-113.642324,7.617334603405352
ODT-9059,Blackburn Drive W & Blackburn Place SW,53.429227,-113.497608,3.5940024266302557
2431,17 Street & 76 Avenue,53.511724,-113.369383,5.2286239740679425
L0192,Black Gold Drive & 48 Street,53.258099,-113.547292,16.63760264380717
6699,Castle Downs Road & 156 Avenue,53.617957,-113.517678,0.2567211330465677
5451,150 Street & 87 Avenue,53.519366,-113.579414,0.845847734368786
5794,178 Street & Stony Plain Road,53.540088,-113.627609,3.099951259782599
7007,Northgate Transit Centre Bay D,53.599884,-113.489115,2.53579462277092
77422,52A Street & 167 Avenue,53.62854,-113.414767,0.24022949805082902
4166,113 Street & Saddleback Road N Ent,53.461122,-113.524059,2.4351556456637096
A0121,St Vital Ave & Mt Royal Dr,53.636485,-113.633947,7.931598581986883
S7433,Davidson Dr & Dalton Wy,53.553609,-113.26471,8.576119453020478
E291,102 St Stop East Entrance,53.543156,-113.494037,0.29159012980358695
7221,82 Street & 134 Avenue,53.595366,-113.468143,1.7315387232797401
5043,142 Street & 95 Avenue,53.53222,-113.565456,1.9334594325011594
7620,Victoria Trail & 151 Avenue,53.613555,-113.380806,1.9455332457727956
3914,Mill Woods Transit Centre Bay N,53.457079,-113.429099,0.3951357238194568
5117,154 Street & 123 Avenue,53.576991,-113.588235,2.7119729616330743
2838,106 Street & 66 Avenue,53.502237,-113.504316,1.9692739756180033
A0363,Willoughby Dr & Wolcott Pl,53.649721,-113.601162,6.750897365812879
2673,95 Street & 58 Avenue,53.493855,-113.474715,2.5234750467594873
55065,159 Street & 81 Avenue,53.514726,-113.596808,1.0371116009548118
7473,53 Street & 144 Avenue,53.607003,-113.423397,1.5338875109361236
E60,,53.541095,-113.491254,0.2587022249019901
5197,153 Street & 87 Avenue,53.51938,-113.584516,0.5792242620758444
A0603,Poirier Ave & Campbell Rd,53.642332,-113.580136,5.139281570453392
3659,Mill Woods Road & 38 Avenue,53.473111,-113.451236,2.262548479446449
66197,Rapperswill Drive & 172 Avenue,53.634355,-113.534698,2.3922795509159114
1057,82 Street & 125 Avenue,53.581038,-113.467479,1.88735382611197
5815,Dalhousie Way & Lessard Road,53.486157,-113.640307,2.1760143008655186
8447,182 Street & 102 Avenue,53.543251,-113.63588,3.03189236921685
S6103,Alder Av & Glenwood Dr,53.516905,-113.289168,8.530880058775816
4483,Towne Centre Boulevard & 23 Avenue,53.454904,-113.58254,1.503608061790103
3093,Parsons Road & 34 Avenue,53.46838,-113.485891,1.7301078270811545
3345,Mill Woods Road & 37 Avenue,53.470905,-113.452185,2.087848716539196
99102,Watt Drive & 22 Avenue SW,53.413928,-113.425412,4.658857933656885
A0705,Corriveau Avenue & Veness Road,53.642289,-113.567292,4.468362249679401
6251,127 Street & 134 Avenue,53.594543,-113.54104,0.45686104353288454
8022,Lewis Estates Boulevard & Suder Greens Drive,53.520929,-113.680338,0.9071001353650152
77196,Ebbers Boulevard & 153 Avenue,53.61369,-113.39965,1.3858713884366987
22076,75 Street & 68 Avenue,53.505104,-113.441037,2.381945793402241
3163,48 Street & 17A Avenue,53.447081,-113.41324,1.6848879491672564
7808,50 Street & McLeod Road,53.613328,-113.418342,1.692108522227406
ODT-2130,62 Street & 92 Avenue,53.526735,-113.426616,1.5306357323456095
2089,91 Street & 86 Avenue,53.522435,-113.467337,0.5413183920521637
4126,Riverbend Road & Rhatigan Road W,53.474464,-113.590991,0.828458949143006
22349,17 Street & Whitemud Drive,53.485765,-113.368656,3.1476385343075335
6632,139 Street & 156 Avenue,53.616947,-113.562703,3.0517458541803646
1545,48 Street & 121 Avenue,53.575037,-113.414932,1.6591203864180486
1037,48 Street & 121 Avenue,53.575118,-113.415628,1.706068171652065
ODT-88197,Erlanger Link & Edgemont Boulevard,53.467728,-113.679956,5.374396545950409
L0197,43 Street & 77 Avenue,53.297641,-113.53708,12.224343807916421
A0040,Oak Vista Dr & Oakmont Dr,53.661112,-113.60546,7.747521408512685
8951,180 Street & Stony Plain Road,53.541476,-113.633595,3.002997769393746
2378,Gateway Boulevard & 51 Avenue,53.488023,-113.491173,1.2812843779924579
22721,105 Street & 76 Avenue,53.512281,-113.500802,0.8283365505697362
88199,Stillwater Boulevard & 19 Avenue,53.450805,-113.673012,6.242592623105566
5977,Wanyandi Road & Wahstao Road,53.501962,-113.610009,1.084835483876666
7235,64 Street & 129 Avenue,53.58769,-113.440379,1.7881392608555162
2506,114A Street & 51 Avenue,53.48838,-113.525741,1.7433949437081426
A0571,Poirier Avenue & Sir Winston Churchill Avenue,53.643824,-113.592956,5.9386594199814935
ODT-88252,Edmonds Crescent & Edgemont Boulevard,53.467212,-113.674258,5.175482405714278
S7702,Carson Dr & Christian Wy,53.544636,-113.271085,8.467884123742284
1356,90 Street & Rowland Road,53.547626,-113.472339,1.238085646706176
S6048,Oak St & Sherwood Dr,53.524383,-113.309013,7.541704210560787
3401,101 Street & 19 Avenue,53.447266,-113.487353,3.6350904933812664
6340,115 Street & 162 Avenue,53.623098,-113.522958,0.9201131621249743
4109,Rabbit Hill Road & 23 Avenue,53.452739,-113.565256,2.132550919724003
3971,30 Street & 14 Avenue,53.440576,-113.384965,2.1181173820612593
7533,42 Street & 139 Avenue,53.600313,-113.407673,0.40605775393449434
9244,6143 Currents Drive W,53.437672,-113.603761,3.6681027969851576
77340,Northgate Mall Entrance,53.598424,-113.487417,2.729873960058947
3462,Youville Drive W & 28 Avenue,53.4592,-113.428853,0.5562839002777451
7156,74 Street & Delwood Road,53.596862,-113.455925,0.9929490881144578
S1012,Sherwood Dr & Starling Rd,53.52856,-113.284415,8.513403101276106
L0142,45 Street & 66 Avenue,53.284983,-113.541699,13.635805757286754
S6115,Alder Av & Ivy Cr,53.515029,-113.298644,7.97953518311428
3454,Grand Meadow Crescent & 38 Avenue,53.473738,-113.429746,2.05907991785817
3948,6 Street & Maple Way,53.481273,-113.352313,2.9051788117377586
9812,57 Street & Watt Drive SW,53.41466,-113.426429,4.569763431869444
L0329,5 Street & 27 Avenue,53.3599,-113.528942,5.326367772236843
5647,182 Street & 93 Avenue,53.527867,-113.639241,1.927015249940482
9470,50 Street & 4 Avenue SW,53.428208,-113.41824,3.215427693173403
S5114,Chippewa Rd & Athabascan Av,53.537006,-113.324488,5.8335307570937465
3043,75 Street & Knottwood Road S,53.442184,-113.448456,1.7472111303629352
3381,82 Street & 34 Avenue,53.465311,-113.457143,1.8686293571345456
3088,57 Street & 19A Avenue,53.450736,-113.428712,0.6452893130862493
6303,Eaux Claires Transit Centre Bay C,53.618006,-113.49025,1.7641435461125965
66014,Naden Landing & Sir Arthur Currie Way,53.604862,-113.508395,1.327371749540221
A0241,Sturgeon Rd & Brandon St,53.63632,-113.621685,7.317407709962844
77649,52A Street & 167 Avenue,53.628807,-113.415659,0.3054182425891469
1374,82 Street & 123 Avenue,53.578098,-113.467409,1.701132465112001
7448,97 Street & 144 Avenue,53.607708,-113.491568,1.8842295147591206
4211,Century Park Transit Centre Bay K,53.457041,-113.515669,2.6130692242153066
6085,Dunluce Road & Warwick Road N Ent,53.626261,-113.533007,1.5956707409139543
7670,Ozerna Road & 162 Avenue,53.623114,-113.447193,2.1925637617037115
7739,24 Street & 136 Avenue,53.59798,-113.379434,1.5241761002055585
3568,Youville Drive W & 31 Avenue,53.461823,-113.432181,0.7247398306770734
3231,66 Street & 38 Avenue,53.474358,-113.441994,2.1648478490311724
1398,97 Street & 122 Avenue,53.576263,-113.492504,1.1261602204450596
7288,78 Street & 160 Avenue,53.621091,-113.463279,2.2813235862347527
1513,102 Street Stop,53.54316,-113.494138,0.29818032414940215
4370,108 Street & 40 Avenue,53.476125,-113.511154,0.5982395207208606
1830,127 Street & 111 Avenue,53.558816,-113.541451,0.9893474540035951
QCOL,Coliseum Station,53.570617,-113.458655,0.9013238570127737
88156,Granville Drive & Godson Point,53.507308,-113.68372,2.1028980278912943
3054,74 Street & Knottwood Road N,53.449185,-113.447215,1.1011077731102352
S4937,Salibury Wy & Tisbury St,53.5097,-113.3031,7.328217043010627
S9005,Granada Blvd,53.526902,-113.2774,9.002308731167952
5153,159 Street & Stony Plain Road,53.541234,-113.595006,2.0273744684919897
4943,111 Street & 34 Avenue,53.465005,-113.516622,1.8128475100236243
9141,95 Street & Parsons Road SW,53.420833,-113.478943,4.171886613094904
9610,175 Street & Hiller Road SW,53.421269,-113.622132,5.82848239315547
4195,119 Street & 32A Avenue,53.465489,-113.538649,2.7718184366791205
5559,138 Street & 109A Avenue,53.555845,-113.560261,0.9771401299426471
33025,24 Street & 14 Avenue,53.44241,-113.375417,1.712554922774752
4044,114 Street & 37 Avenue,53.471099,-113.528442,1.8651544020862278
ODT-5502,149 Street & 90 Avenue,53.52331,-113.577875,0.8307248518691268
8927,215 Street & 107 Avenue,53.552134,-113.688945,3.4946125700234907
7902,West Clareview Transit Centre Bay I,53.602319,-113.411818,0.6748043062762067
5551,166 Street & Stony Plain Road,53.541246,-113.606972,2.2868897223853866
77437,Schonsee Way & Schonsee Drvie,53.633358,-113.46114,3.3532140766951257
1568,101 Street & 110 Avenue,53.556818,-113.493838,1.1804890463091748
A0173,St Albert Trail & St Anne Street,53.634623,-113.623402,7.270587448961652
3708,Meadows Transit Centre Bay H,53.478708,-113.367786,2.366445103862689
ODT-88341,Edgemont Drive & Edgemont Boulevard,53.467443,-113.67916,5.363255208554382
7421,90 Street & 134 Avenue,53.595311,-113.479947,2.436003650780642
7413,37 Street & 139 Avenue,53.601959,-113.400487,0.11202500049009478
4301,109 Street & 23 Avenue,53.453774,-113.50851,2.876426671501297
1051,95 Street & 102A Avenue,53.546605,-113.479443,0.7619543983525374
L0206,Leduc Common Discovery Way,53.270446,-113.565391,15.363061667227806
3904,Mill Woods Transit Centre Bay D,53.457329,-113.429165,0.40493304800570085
Q1659,NAIT Station,53.565978,-113.505657,1.2269067998468544
3296,Mill Woods Road & Millbourne Road E,53.468232,-113.449365,1.7366685967008668
2875,109 Street & 82 Avenue,53.518886,-113.511877,0.957060570435599
88159,Guardian Road & Granville Drive,53.510145,-113.678069,1.6465497173552601
3538,Granlea Crescent E Ent & 40 Avenue,53.477761,-113.429037,2.5089094379832413
9571,Wright Drive & 8 Avenue SW,53.427428,-113.626704,5.378183741195267
5173,St Albert Trail & Yellowhead Trail,53.579799,-113.556275,1.5068409343553653
E186,Clareview East Transit Centre,53.601757,-113.410881,0.6053400707668835
8320,Getty Gate & 62 Avenue,53.497241,-113.680394,3.0468054570116605
4960,Hilliard Green & Hodgson Boulevard,53.458856,-113.562577,1.7629209140176818
2826,86 Street & Davies Road,53.49388,-113.45437,3.3137505307238486
3415,50 Street & 40 Avenue,53.476386,-113.416769,2.607656616539081
3241,Jefferson Road & Jackson Road,53.484621,-113.405973,3.755338420928814
6830,134 Street & Cumberland Road,53.607685,-113.55132,2.0007513046426473
1038,46 Street & 114 Avenue,53.566744,-113.411925,1.5181897821264492
2854,109 Street & 74 Avenue,53.510637,-113.511885,1.3698132385989854
7085,80A Street & 135 Avenue,53.596878,-113.464849,1.4581216464282516
9174,Rutherford Road E & 17 Avenue SW,53.415252,-113.524773,1.213349332788494
A0943,Eldorado Dr & Eastcott Dr,53.659766,-113.620404,8.433651567638378
5620,927 Wanyandi Road,53.49821,-113.604045,1.587405003178361
8503,178 Street & 116 Avenue,53.567364,-113.627176,4.873961433249071
9752,Chappelle Vista & Chappelle Road SW,53.398479,-113.57122,2.4521010987860543
7785,34 Street & Kirkness Road,53.609319,-113.393194,1.0575165894811764
A0318,Riverside Dr & Riviere Terr,53.631888,-113.64912,8.433418549605829
L0363,36 Avenue & 11 Street,53.383519,-113.506707,3.3654368276688786
A0306,Riel Dr & Enjoy Centre North,53.613139,-113.646712,7.352133319823157
3857,34 Street & Silver Berry Road,53.46353,-113.391701,1.566490184002826
A0745,Heritage Dr & Haviland Cres,53.6087,-113.623674,5.7506065125417924
8048,McLaughlin Drive  & McLeod Avenue,53.543642,-113.929814,17.546759074753567
1995,112 Street & 107 Avenue,53.551492,-113.514475,1.8701078844714294
5768,Wanyandi Road & Wolf Ridge Way,53.499418,-113.604008,1.5422866185232078
1310,Government Transit Centre Bay J,53.535977,-113.504569,1.2769799759029292
7307,90A Street & 137 Avenue,53.599375,-113.480418,2.337220444284902
7441,73A Street & 154 Avenue,53.617074,-113.455286,1.643572252832583
A0789,Lockhart Dr & Larose Dr,53.646282,-113.650937,9.494158543892862
8851,170 Street & 109 Avenue,53.556533,-113.615108,4.052760001134722
5351,167 Street & Stony Plain Road,53.540819,-113.609216,2.3217832262897797
1495,Bellamy Hill & 99 Avenue,53.537526,-113.495503,0.7429052537003772
3423,34 Street & 34 Avenue,53.463607,-113.394564,1.743557409866424
6250,103 Street & 127 Avenue,53.585153,-113.497176,2.1627834506303736
1069,Bellamy Hill & 99 Avenue,53.536907,-113.495708,0.8090174448607255
2525,83 Street & 76 Avenue,53.513066,-113.45494,1.198417142938736
3122,Hewes Way & 27 Avenue,53.458085,-113.428133,0.5084581004136196
2119,54 Street & Roper Road,53.495393,-113.420613,4.049930280039377
77754,67 Street & 165 Avenue,53.62681,-113.443469,2.1334005268074785
6175,127 Street & 142 Avenue,53.603782,-113.541514,1.4776683300285958
S7024,Craigavon Dr & Carmel Rd,53.53792,-113.266999,9.007170665108026
8603,Lewis Farms Transit Centre Bay C,53.523188,-113.666496,0.06608996414557838
6568,127 Street & 132 Avenue,53.591724,-113.541325,0.15127783078551912
L0321,5 Street & 22 Avenue,53.343517,-113.531199,7.131267675837941
6274,121 Street & 146 Avenue,53.6081,-113.530761,1.263520493324446
8177,199 Street & 69 Avenue,53.502552,-113.665903,2.3323008411902246
2899,107 Street & Saskatchewan Drive,53.523272,-113.505911,0.7022460702901857
6199,110 Street & 134 Avenue,53.594879,-113.509126,2.254109320649653
8614,Lewis Farms Transit Centre Bay N,53.522869,-113.665922,0.11746058376733615
1027,90 Street & 118 Avenue,53.570322,-113.479173,0.6690207401810533
3546,28 Street & 43A Avenue,53.481524,-113.383491,2.811542326826157
A0407,Arlington Dr & Arcand Dr,53.623382,-113.599277,5.25074042329576
A0867,Willoughby Dr & Wagner Pl,53.649867,-113.601056,6.754208336203029
7577,55A Street & 162 Avenue,53.623656,-113.423875,0.9601380543844007
5266,151 Street & 95 Avenue,53.531602,-113.581982,1.0865863038740093
4654,Rabbit Hill Road & South Terwillegar Drive S,53.434798,-113.575494,3.7792775764875555
5694,175 Street & 99 Avenue,53.535942,-113.62163,2.5083581744217067
8547,199 Street & Hammond Gate,53.482423,-113.665859,3.552056766726603
7520,62 Street & 149 Avenue,53.610636,-113.438132,0.948158420466117
6157,121 Street & 161 Avenue,53.621361,-113.533809,1.297617897017967
5880,188 Street & 74 Avenue,53.508542,-113.648733,1.5944338789440824
7951,45 Street & 157 Avenue,53.617981,-113.408091,1.1283096457152835
1838,129 Street & 118 Avenue,53.570227,-113.544216,0.9630173177490956
9114,MacEwan Road & Miles Place SW,53.42527,-113.534877,1.987996024800267
6549,156 Street & 137 Avenue,53.600269,-113.590027,3.3369592112448485
A0247,Burnham Ave & Bellevue Cres,53.641289,-113.61373,7.025173966733405
9373,53 Street & Watt Boulevard SW,53.420361,-113.424787,3.956320899387057
9441,Rabbit Hill Road & Glenridding Ravine Road SW,53.41768,-113.598517,4.208751804550854
ODT-88276,Edgemont Way & Eifert Crescent,53.471067,-113.672933,4.7877477026807185
E282,Holyrood Stop South,53.528822,-113.457544,0.6041557463579734
3691,Tamarack Green & 35 Avenue,53.469229,-113.358287,1.5328006438015065
3148,Mill Woods Road E & 16A Avenue,53.444436,-113.402834,2.427663551897063
7022,85 Street & 134 Avenue,53.595242,-113.471486,1.9306934247008938
5466,135 Street & 114 Avenue,53.563473,-113.555388,0.10574240193260741
5547,168 Street & 91 Avenue,53.526354,-113.612407,1.5004791445580368
8726,Jennifer Heil Way & McLeod Avenue,53.544647,-113.933367,17.79468731267303
4072,109 Street & 21 Avenue,53.452729,-113.509731,3.001137229486744
8135,Guardian Road & Whitemud Drive,53.511397,-113.677973,1.5190789607219226
4155,105 Street & 20 Avenue,53.449807,-113.500303,3.3128604971854814
6292,127 Street & 129 Avenue,53.587529,-113.540175,0.36270369011887116
1222,95 Street & Jasper Avenue,53.544942,-113.479564,0.6895037414033414
S8009,Broadway Blvd & Broadview Dr,53.543832,-113.313395,5.9767824405478835
S8101,Bethel Dr & Broadview Rd,53.545182,-113.303946,6.450409199504538
5416,167 Street & 118 Avenue,53.570336,-113.608304,3.680471422073647
ODT-33342,18 Street & 19 Avenue,53.450569,-113.370643,0.7717913152804942
3621,50 Street & Whitemud Drive,53.485904,-113.418385,3.552466026012934
6076,104 Street & Castle Downs Road,53.628931,-113.504669,1.6684007494473199
9603,Chappelle Way & Chappelle Road SW,53.399861,-113.579921,2.941667202715097
3474,Mill Woods Road & Lakewood Road N,53.461876,-113.449703,1.2443081558862452
2921,114 Street & 78 Avenue,53.51423,-113.526005,1.9795187779161967
S5041,Kaska Rd Chippewa Rd,53.539437,-113.323044,5.732608622201
77150,66 Street & 163 Avenue,53.623789,-113.442886,2.1416192537172725
6029,Beaumaris Road & Stirling Road,53.620372,-113.504754,0.9403421255532532
5368,152 Street & 118 Avenue,53.57034,-113.58304,2.0672680709446016
2112,Millgate TC on 86 Street Bay N,53.485803,-113.453814,3.4129693483027412
77432,42 Street & Brintnell Boulevard,53.626324,-113.405743,0.4080416262638602
ODT-22227,113A Street & 60 Avenue,53.496821,-113.524931,2.3727574729835204
E69,McKernan Belgravia Station South  Access,53.512374,-113.526185,2.060803675279829
4683,South Terwillegar Drive W & Rabbit Hill Road,53.435104,-113.574318,3.7578480477153557
9011,Heritage Valley Transit Centre Bay D,53.425768,-113.544968,2.09395638691809
A0213,Falstaff Ave & Hebert Rd,53.631862,-113.597792,5.661925332799662
22079,97 Street & 54 Avenue,53.489501,-113.479508,1.9779389718017126
5905,Walker Road & Wanyandi Road,53.501257,-113.60692,1.3014008160399733
7088,55 Street & 146 Avenue,53.609601,-113.42421,1.58416400809192
S8842,Sherwood Dr at Emerald Dr,53.5638,-113.294999,6.390028141464048
8114,186 Street & 111 Avenue,53.559694,-113.643984,4.316964371731392
6401,127 Street & 167 Avenue,53.628841,-113.542506,2.2490612937196564
L0303,5 Street & 18 Avenue,53.333795,-113.531186,8.211640178811132
4545,112 Street & 30 Avenue,53.463636,-113.521665,2.11395731143319
5496,149 Street & 95 Avenue,53.531596,-113.578825,1.2070623889259395
1474,79 Street & 112 Avenue,53.561312,-113.463126,1.5806147173951344
66158,Admiral Girouard Street & Juchli Avenue,53.602077,-113.512723,1.5420460742716293
S5149,Fir St,53.513888,-113.323816,6.995697932046871
1696,124 Street & 113 Avenue,53.561838,-113.535721,1.220987798112764
77688,Cy Becker Boulevard & 170 Avenue,53.631163,-113.401593,0.73436426977837
3826,72 Street & 23 Avenue,53.45343,-113.443449,0.6428479725685761
6745,127 Street & 158 Avenue,53.619973,-113.541378,1.7040400639515996
9143,Rutherford Road & 20 Avenue SW,53.415237,-113.534615,0.8853733456984955
5925,135 Street & 114 Avenue,53.563892,-113.554813,0.06466999547490877
ODT-4289,156 Street & Falconer Road,53.463183,-113.588985,0.675559170068624
A0030,Erin Ridge Dr & Eastpark Dr,53.665457,-113.613101,8.44585269553069
11325,108 Street & 103 Avenue,53.544514,-113.505896,1.0815446142184733
5430,142 Street & McQueen Road,53.556291,-113.566652,1.186693244985637
7309,Ozerna Road & 165 Avenue,53.625704,-113.448258,2.4591869063562313
3907,Mill Woods Transit Centre Bay G,53.457302,-113.430351,0.3381508450558395
9827,85 Street & Savaryn Drive SW,53.413309,-113.464387,4.909570717256135
5135,152 Street & 110 Avenue,53.555818,-113.582896,2.1169441624571954
A0199,Sunset Blvd & Sheridan Blvd,53.628078,-113.616017,6.4218451276006725
S8210,Bethel Transit Terminal,53.542919,-113.307394,6.370750500043837
88716,Granville Link & Glastonbury Boulevard,53.503183,-113.682234,2.466248290770838
6869,138 Street & Hudson Road,53.603298,-113.556709,1.710413240390456
2992,122 Street & 63 Avenue,53.500775,-113.540934,3.4035056367463135
5058,150 Street & 87 Avenue,53.519516,-113.580375,0.7826682237946269
3795,50 Street & Mill Woods Road South,53.446635,-113.419233,1.4049639979856934
2874,99 Street & 56 Avenue,53.492266,-113.486006,1.8625952924824987
7925,78 Street & 160 Avenue,53.621472,-113.463092,2.3117937924403966
22990,Strathearn Stop,53.53169,-113.462462,0.93374528928996
4463,Haddow Drive & Riverbend Road,53.458705,-113.59284,1.2352424007250264
1867,St Albert Trail & Sherbrooke Avenue,53.577258,-113.553346,1.5031797126642432
2982,114 Street & 83 Avenue,53.519815,-113.525348,1.8488926780183363
6859,156 Street & 135 Avenue,53.596319,-113.590055,3.22283881240951
6093,119 Street & 157 Avenue,53.619055,-113.527973,0.8364238632160028
7036,66 Street & 153 Avenue,53.61655,-113.442685,1.4742860063227097
1935,Central Station,53.540965,-113.493284,0.34847907869840594
2231,71 Street & 90 Avenue,53.525313,-113.437178,1.4858171087825023
3287,Woodvale Road W & 38 Avenue,53.474043,-113.433672,2.070431360830927
4550,Tomlinson Way & Tomlinson Link,53.451935,-113.584797,1.8330976414363078
ODT-6600,165 Street & 130 Avenue,53.591032,-113.608491,4.378793560491056
2298,50 Street & 106 Avenue,53.55185,-113.418348,1.602564556845772
2078,42 Street & 76 Avenue,53.512329,-113.4053,3.567720344661014
2169,96 Street & 76 Avenue,53.512338,-113.477402,1.5496053704763655
6612,Gault Boulevard & Sir Arthur Currie Way,53.605204,-113.500121,1.6026005937893542
9185,141 Street & Ellerslie Road SW,53.423162,-113.564867,2.5180595204696052
22157,113 Street & 67 Avenue,53.504142,-113.522673,2.3870643479813274
1139,86 Street & 122 Avenue,53.576797,-113.472981,1.469107651798876
1444,105 Street & 122 Avenue,53.576484,-113.501166,1.433863166882251
7233,26 Street & 146 Avenue,53.610688,-113.378914,1.838474850405267
5388,182 Street & 91 Avenue,53.526581,-113.639158,1.9013384938216298
6041,100 Street & 160 Avenue,53.620879,-113.496358,1.4587188811715806
3747,32 Street & 17B Avenue,53.445908,-113.387887,1.7367621744076045
99470,Keswick Drive & Keswick Gate SW,53.415683,-113.618119,5.433581090101981
77350,74 Street & 137 Avenue,53.599811,-113.456026,0.7890944264058658
6691,113A Street & 134 Avenue,53.594656,-113.516828,1.7528573458171954
QHSS,Health Sciences Jubilee Station,53.519935,-113.525923,1.8873505732198577
2960,Groat Road & Emily Murphy Park Road,53.532552,-113.537102,3.0048879171386957
2890,114 Street & 89 Avenue,53.524639,-113.525456,1.943135463271854
7820,92 Street & 144 Avenue,53.606098,-113.482987,2.471774514248056
7953,24 Street & 136 Avenue,53.598393,-113.379271,1.5242188858613854
99177,50 Street & Watt Common SW,53.420818,-113.418252,4.000022555996727
6528,97 Street & 129B Avenue,53.588621,-113.492273,2.468004409190792
4399,106 Street & 34 Avenue,53.466992,-113.504324,1.39059734628607
A0002,Oakridge Dr S & Ouellette Pl,53.655783,-113.611946,7.721081921623458
3346,37 Street & 34 Avenue,53.463567,-113.398263,1.9706210178311874
3186,17 Street & Tamarack Gate,53.472844,-113.368518,1.7120034305489178
6302,Eaux Claires Transit Centre Bay B,53.618022,-113.489903,1.787125370342497
7183,24 Street & 139 Avenue,53.601934,-113.379535,1.473576672303075
S9157,Ritchie Wy & Regency Dr,53.515855,-113.267586,9.420461939618434
A0024,Erin Ridge Dr & Ellington Cr,53.666827,-113.62129,8.958036429228935
7354,51 Street & 144 Avenue,53.606995,-113.421037,1.424182662178954
5214,Westmount East Entrance,53.560284,-113.553275,0.38833511966223166
7660,72 Street & 147 Avenue,53.608026,-113.449827,0.5772895315268632
F1003,Westpark Drive and Westpark Boulevard NB,53.683011,-113.250324,12.280652370857297
5979,178 Street & 76 Avenue,53.509039,-113.630505,0.6559299208216969
5111,Jasper Place Transit Centre Bay I,53.540499,-113.592088,1.92568824820759
3756,38 Street & 23 Avenue,53.454193,-113.399681,1.9803525045393608
5661,453 Ormsby Road West,53.501103,-113.652699,1.79146601703385
2321,81 Street & 95 Avenue,53.531827,-113.453774,0.9979688453906019
1457,100 Street & Jasper Avenue,53.541915,-113.490303,0.1505067027777836
2769,99 Street & 63 Avenue,53.499778,-113.485799,2.323078852701351
7176,64 Street & 157 Avenue,53.618898,-113.440202,1.7604481013102347
S7605,Jim Common Dr & Cache Pl,53.551918,-113.281599,7.545465088564063
ODT-5231,144 Street & McQueen Road,53.552749,-113.570159,1.6329733850817325
S7514,Summerland Dr & Suncrest Ln,53.55754,-113.25858,8.883444247819758
QCEP,Century Park Station,53.457805,-113.516303,2.5449714628387716
L0109,50 Street & 64 Avenue,53.277996,-113.548125,14.427766349837396
ODT-5707,151 Street & 102 Avenue,53.542833,-113.58166,2.2578338613318665
4081,109 Street & 20 Avenue,53.450615,-113.508629,3.227119124818935
A0222,Giroux Rd & Versailles Ave,53.63985,-113.672496,10.213264600604505
L0103,44 Street & Rollyview Road,53.250446,-113.536812,17.47677190657505
8743,Aspenglen Drive & Grove Drive,53.559038,-113.917649,17.05834208995855
6422,97 Street & 134 Avenue,53.594289,-113.492155,2.884971370977654
9664,Rutherford Road & 15 Avenue SW,53.419398,-113.536435,1.3285439424570646
7279,Kirkness Road & 148 Avenue,53.611925,-113.384072,1.6643513815407447
5085,156 Street & 77A Avenue,53.509481,-113.590462,1.5297575193873345
99049,Chokecherry Common & Orchards Boulevard SW,53.408008,-113.456246,5.40854419762542
4286,106 Street & 40 Avenue,53.475346,-113.50661,0.4894823593924284
1236,70 Street & 118 Avenue,53.570324,-113.44929,0.282337049943685
9156,Ellwood Road & Ellwood Drive SW,53.429294,-113.475047,3.971529115770358
3196,47 Street & 23 Avenue,53.455447,-113.415475,1.2558128436225824
8148,Lewis Greens Drive & Webber Greens Drive,53.52828,-113.678427,0.9074519307320198
2531,88 Street & 66 Avenue,53.502698,-113.465745,2.353909746671452
2682,99 Street & 62 Avenue,53.499058,-113.486396,2.3862714581378626
E236,,53.525152,-113.521597,1.7206288341586833
5901,182 Street & 76 Avenue,53.509255,-113.635573,0.8773745679799825
7369,59 Street & 132 Avenue,53.592305,-113.431325,1.5650132757845143
S1052,Georgian Wy,53.535902,-113.281729,8.236237710173652
2340,87 Street & 82 Avenue,53.518086,-113.461846,0.6249225430230243
5480,159 Street & 83 Avenue,53.516894,-113.597423,0.8447663677275044
5225,163 Street & 104 Avenue,53.546077,-113.602763,2.672091291223483
7131,75A Street & 149A Avenue,53.611193,-113.457894,1.178677783593789
4751,Towne Centre Boulevard & Terwillegar Common,53.446153,-113.577948,2.505348056979879
1789,130 Street & Sherbrooke Avenue,53.578606,-113.546859,1.3583852845625335
1605,109 Street & 105 Avenue,53.548607,-113.508248,1.3569468335185255
A0208,Corriveau Avenue & Chevigny Street,53.642279,-113.570631,4.6356392846456265
A0525,Harwood Dr & Harmony Pl,53.607574,-113.635091,6.425505048181298
77821,Ebbers Boulevard & 153 Avenue,53.613577,-113.399344,1.3755760527358667
1180,82 Street & 112 Avenue,53.560817,-113.467442,1.459975841237202
S9237,Foxhaven Dr & Foxhaven Cr,53.52878,-113.256591,10.079149078394458
5422,137 Street & 109A Avenue,53.555737,-113.55791,0.9318315192604667
S8217,Bethel Transit Terminal,53.542475,-113.307329,6.399431965675706
A0088,Riel Dr & Rowland Cres,53.61831,-113.646855,7.5768353393843375
L0196,Sparrow Drive & 77 Avenue,53.297976,-113.544553,12.195887680877403
33111,85 Street & Mill Woods Road,53.473897,-113.458338,2.5979414014700453
5027,174 Street & 95 Avenue,53.531621,-113.621089,2.239426012245596
3950,21 Street & Silver Berry Road,53.463527,-113.372921,0.6913200537492635
22189,17 Street & 59 Avenue,53.49517,-113.369236,4.19296716483049
5403,170 Street & 118 Avenue,53.570334,-113.613732,4.033502138855437
S7703,Carson Dr & Cavan Rd,53.544753,-113.271689,8.425832656215524
2280,79 Street & 92 Avenue,53.526605,-113.449172,0.7595697838129868
E280,Holyrood Stop North,53.527644,-113.457406,0.47886774247971714
1819,124 Street & 111 Avenue,53.559258,-113.535808,1.296951867282577
S8114,Jim Common Dr & Crystal Ln,53.546837,-113.294555,6.934309791176007
5997,176 Street & 81 Avenue,53.514376,-113.626134,1.1803545998749572
3705,Meadows Transit Centre Bay E,53.478077,-113.367755,2.2965671235079084
A0302,Giroux Rd & Lacombe Dr,53.641499,-113.669761,10.162308609143077
E33,,53.485552,-113.516821,1.0800239902411592
5440,138 Street & 102 Avenue,53.542963,-113.560112,2.3508889967565603
77331,82 Street & 137 Avenue,53.59954,-113.466011,1.4077360038828035
6641,104 Street & 176 Avenue,53.64038,-113.50352,2.8768073536396854
7626,Clareview Road W & 129 Avenue,53.588243,-113.382623,1.9199008775121478
1980,109 Street & 102 Avenue,53.542721,-113.508603,1.2577787624796493
2243,Ottewell Road & 94B Avenue,53.532769,-113.435352,0.8382778966786466
7343,71 Street & Delwood Road,53.596758,-113.45038,0.8028524130846842
3863,17 Street & Maple Road,53.475349,-113.368325,1.9910065211979062
A0321,Arlington Dr & Attwood Dr,53.62436,-113.602804,5.494671323948259
6595,113A Street & 134 Avenue,53.595312,-113.516453,1.7971352123938598
3076,61 Street & 11A Avenue,53.44047,-113.431118,1.6806347398501476
6454,123A Street & 129 Avenue,53.587632,-113.535435,0.5601728083670722
6471,112 Street & 132 Avenue,53.592181,-113.514043,1.8847866480048956
S4805,Broadmoor Blvd & Kaska Rd,53.538954,-113.320303,5.908428564344828
A0133,Mission Ave & St Vital Ave,53.633582,-113.639723,8.03063533849588
5599,149 Street & 107 Avenue,53.550967,-113.577554,2.119063871763987
7960,Habitat Crescent W Ent & Hermitage Road,53.589506,-113.41588,1.6113689571188525
S4611,Baseline Rd & 30 St,53.541,-113.3872,2.9886694549402404
ODT-6769,Castle Drive & 179 Avenue,53.643093,-113.510414,3.0725000907894935
A0062,Kingswood Blvd & Kingsmeade Cres,53.649157,-113.58769,5.9942974934378634
A0907,Larose Dr & Lorraine Cr,53.647679,-113.647692,9.370582700345492
9364,103A Street & Ellerslie Road SW,53.42467,-113.495506,3.388516986942349
9202,Allan Drive & Andrews Loop SW,53.431471,-113.589808,4.128897624752946
4365,119 Street & 34 Avenue,53.467818,-113.538627,2.6335516355392556
ODT-7184,66 Street & 124 Avenue,53.580216,-113.442854,1.0822789544045053
4949,Rabbit Hill Road & MacTaggart Drive,53.445067,-113.565365,2.869628347680498
7011,Northgate Transit Centre Bay H,53.599795,-113.490538,2.476097620270831
2586,50 Street & 104A Avenue,53.547094,-113.418754,1.1881845555930075
3291,Mill Woods Road & 36 Avenue,53.467997,-113.450612,1.7646513525749552
1227,106 Street & 117 Avenue,53.568069,-113.502751,1.0439642123240465
8819,170 Street & Stony Plain Road,53.541374,-113.617345,2.6966593051620165
A0714,McKenney Ave & Morgan Cr,53.636854,-113.650584,8.82557176110284
1033,68 Street & 118 Avenue,53.570325,-113.445938,0.06531714601148961
A0047,Gainsborough Ave & Grenfell Ave,53.616524,-113.63517,6.791031910236372
2703,South Campus Fort Edmonton Transit Centre Bay C,53.503217,-113.52897,2.762352266393643
ODT-9562,Graydon Hill Boulevard & Graydon Hill Link SW,53.422504,-113.555163,2.040691000677389
ODT-2548,89 Street & 78 Avenue,53.514409,-113.464301,1.063709089996235
77641,41 Street & Brintnell Boulevard,53.625488,-113.404361,0.5328855860700725
2845,105 Street & 82 Avenue,53.518179,-113.500917,0.2686303142530439
7977,Clareview Station,53.601592,-113.411819,0.6660978926059075
4169,115 Street & 9 Avenue,53.43768,-113.53092,3.390026416891004
99129,119A Street & 28 Avenue SW,53.40771,-113.539284,0.11689030170022036
5203,Westmount Transit Centre Bay A,53.561355,-113.555656,0.29235818155238896
ODT-8583,215 Street & Hope Road,53.486826,-113.688148,4.307487451773415
2973,122 Street & 48 Avenue,53.485989,-113.54098,2.55162826538103
3539,57 Street & 40 Avenue,53.476657,-113.42475,2.445911604241095
L0368,8 Street & 34 Avenue,53.3792,-113.516269,3.451651644853715
1551,104 Street & 97 Avenue,53.534136,-113.499714,1.211281990071591
22655,97 Street & 74 Avenue,53.510218,-113.479844,1.5574265948127681
3861,Silver Berry Road & 28 Avenue,53.457847,-113.376822,0.4290344573313654
E12,99 Street & 102A Avenue,53.544677,-113.489414,0.13398201572506574
7761,Miller Boulevard & 145 Avenue,53.608112,-113.414975,1.1570020262559744
A0036,Oakridge Dr S & Overton Pl,53.655959,-113.606374,7.434944779938133
A0905,Larose Dr & Lorraine Cr,53.647804,-113.64692,9.328653272987246
ODT-2075,48 Street & 93 Avenue,53.529958,-113.411074,1.799731616547424
QCEN,Central Station,53.541035,-113.491717,0.2788406969733192
8925,Belmont Crescent & McLeod Avenue,53.544332,-113.889338,14.900546549281504
55086,142 Street & 101A Avenue,53.542278,-113.565539,2.5124856990111764
ODT-88046,Lewis Greens Drive & 99B Avenue,53.538796,-113.673293,1.748429458257559
3237,48 Street & 35 Avenue,53.465587,-113.415455,1.6894338971324994
1063,62 Street & 112 Avenue,53.565884,-113.433841,0.9081044376237513
ODT-66109,163 Street & 130 Avenue,53.58776,-113.602763,4.011014881775155
3395,Parsons Road & 33 Avenue,53.465263,-113.486176,1.9813768376743437
8417,175 Street & 102 Avenue,53.543267,-113.622337,3.0756558182407026
A0367,Willoughby Dr & Wentworth Cres,53.647113,-113.598264,6.430987876745172
A0945,Eldorado Dr & English Way,53.6598,-113.618238,8.319697046038444
2374,Meadow Drive & The Parkway,53.500665,-113.364049,4.822243565760707
1121,85 Street & 118 Avenue,53.570448,-113.471324,1.1317900835952206
4811,Leger Transit Centre Bay K,53.455312,-113.580106,1.4761684148834282
1901,132 Street & 114 Avenue,53.563298,-113.55062,0.22091484132334277
88222,199 Street & Edgemont Road,53.476224,-113.670973,4.2755567859561525
A0277,Sunset Blvd & Salisbury Ave,53.630971,-113.616152,6.642406557116644
9529,James Mowatt Trail & 35 Avenue SW,53.401596,-113.540664,0.6864427854819606
3023,Mill Woods Road & Knottwood Road N,53.449191,-113.450275,1.264719652384191
3337,Millbourne Road E & Lee Ridge Road S,53.468368,-113.447332,1.675938555786002
7482,97 Street & 153 Avenue,53.615051,-113.491533,1.6628526702594129
E65,South Campus Station South Access,53.501964,-113.528459,2.8308527375479504
A0583,Primeau Lane & Boudreau Rd,53.638911,-113.593597,5.707965677501668
2456,96 Street & 79 Avenue,53.51529,-113.476823,1.446499960761404
6193,113A Street & 129 Avenue,53.587538,-113.516871,1.7206783596554467
1352,53 Street & 112 Avenue,53.567331,-113.423695,1.4602768421760364
S6060,Oak St & Sunset Pl,53.528047,-113.307928,7.316631459057191
7813,54B Street & 162 Avenue,53.623736,-113.421247,0.8086264213730174
2203,Southgate Transit Centre Bay C,53.485999,-113.516105,1.076201347214762
3591,37 Street & 33 Avenue,53.463217,-113.398988,2.003231174631051
3103,50 Street & 34 Avenue,53.465751,-113.419783,1.5018885316817743
9288,52 Street & 4 Avenue SW,53.428714,-113.422236,3.0824784106357197
7892,Clareview Road W & 129 Avenue,53.587761,-113.382641,1.8680202927796405
22676,Fulton Road & 103A Avenue,53.545405,-113.427275,0.6792096641832845
5971,172 Street & Gariepy Crescent,53.494849,-113.620342,1.063294181262852
1544,Bellamy Hill & 98 Avenue,53.535581,-113.496617,0.9672001853381013
2640,99 Street & 72 Avenue,53.5082,-113.486409,1.4520860452912525
5324,159 Street & 110 Avenue,53.555972,-113.594012,2.7978946855171714
9799,Currents Drive & Windermere Boulevard,53.434629,-113.597594,3.868502988292631
5722,172 Street & 69 Avenue,53.504927,-113.619449,0.4580531691567818
1408,Stadium TC on 111 Avenue Bay G,53.559567,-113.47007,1.3808306976736051
8943,Lakeside Drive & Lakeview Drive,53.550092,-113.694039,3.4490651530942067
66032,Beaumaris Road & 155 Avenue,53.616288,-113.502322,0.9490833156370336
6348,97 Street & 135 Avenue,53.596821,-113.492727,2.633579601987288
S1107,Granada Blvd & Georgian Wy,53.528643,-113.288409,8.290672789588656
8679,Nelson Drive & McLeod Avenue,53.543089,-113.921639,17.001393594185238
7453,Fort Road & 125 Avenue,53.582531,-113.448988,1.355448275830925
7040,78 Street & 157 Avenue,53.618417,-113.461911,1.980325054245218
3967,66 Street & 23 Avenue,53.454347,-113.434393,0.12217151368667611
1175,38 Street & 118 Avenue,53.570304,-113.399229,0.594648006349777
3335,Kirkwood Way & 43 Avenue,53.480397,-113.395705,3.0527299570838236
7160,58 Street & 144 Avenue,53.606428,-113.432011,0.9703965277732024
S1019,Georgn Wy & Greengrove Cr,53.529878,-113.281395,8.599249431806822
7993,74 Street & Ozerna Road,53.627087,-113.456229,2.722082391705027
S6132,Alder Av & Glenwood Dr,53.51698,-113.288635,8.559734153454878
5851,Mayfield Common,53.54374,-113.612332,2.7069565959918065
5159,132 Street & 102 Avenue,53.543122,-113.549237,2.316826690677959
77421,54 Street & 159 Avenue,53.621305,-113.418564,0.881848674191179
9577,164 Street & Glenridding Boulevard SW,53.421239,-113.604579,4.711465963459226
5460,149 Street & 114 Avenue,53.563234,-113.578805,1.6535864096407658
1273,110 Street & 111 Avenue,53.558794,-113.509864,1.7394776444793334
L0198,43 Street & 77 Avenue,53.297567,-113.537465,12.232537998403256
7537,94 Street & 147 Avenue,53.609067,-113.484893,2.227941529124363
4339,117 Street & 41 Avenue,53.478487,-113.535328,2.0747862959463634
4134,114 Street & 35 Avenue,53.468246,-113.528717,2.0571553057005674
S8847,Sherwood Dr & Abbey Rd,53.559134,-113.295447,6.452823582032178
8841,217 Street & Rosenthal Boulevard,53.517631,-113.692332,1.7804256739661872
L0147,Sparrow Drive & Sparrow Crescent,53.306088,-113.542386,11.28877442525157
3446,38 Street & 43 Avenue,53.480526,-113.399381,3.2051379495709527
7335,58 Street & 129 Avenue,53.587549,-113.432331,1.979285750934686
7126,Mayliewan Close & 154 Avenue,53.616535,-113.459101,1.704209636019954
7806,45 Street & Brintnell Boulevard,53.618814,-113.408733,1.0295803707499334
1357,78 Street & 120 Avenue,53.573506,-113.460647,1.0833513338715306
3641,99 Street & 19 Avenue,53.447525,-113.485202,3.4895224772822093
8044,Hardy Point & Hemingway Road,53.488612,-113.679985,3.955603819238143
1583,34 Street & 114 Avenue,53.566566,-113.393798,0.6054537152676387
4589,Saddleback Road & 25 Avenue,53.457616,-113.528784,2.9337191929515765
3731,24 Street & 37A Avenue,53.472402,-113.380284,1.7837625885279138
8242,Lewis Estates Boulevard & Potter Greens Drive,53.515,-113.678516,1.2004088352366953
3263,91 Street & 23 Avenue,53.451966,-113.468148,2.276437180588781
1076,46 Street & 118 Avenue,53.570296,-113.411752,1.4131698361184881
5820,186 Street & 87 Avenue,53.52138,-113.643161,1.621670277321586
1394,84 Street & Jasper Avenue,53.555509,-113.470161,1.6762190696181418
9848,119 Street & Ellerslie Road SW,53.424216,-113.528476,1.9582856203555983
3049,74 Street & Mill Woods Road S,53.445414,-113.44843,1.455197914572961
4028,Riverbend Road & 53 Avenue,53.490648,-113.578292,2.5032923109443015
6137,Castle Downs Road & 153 Avenue,53.613295,-113.516906,0.27223229367065094
8058,184 Street & 107 Avenue,53.552891,-113.639873,3.7452694725359534
99017,Heritage Valley Trail & Chappelle Road SW,53.399445,-113.564681,2.0127706724465577
8340,Lakeland Drive & Grove Meadows Drive,53.550803,-113.881222,14.501843966995184
9216,119A Street & 22 Avenue SW,53.410519,-113.53397,0.4143388722143223
8483,170 Street & 114 Avenue,53.562663,-113.61553,4.087797261185519
9728,111 Street  & Ellerslie Road SW,53.426272,-113.516855,2.504182433313527
6840,149 Street & 131 Avenue,53.590289,-113.576926,2.288427080394386
6718,170 Street & 135 Avenue,53.596229,-113.615253,4.867602774725521
1107,Kingsway RAH Transit Centre Bay D,53.558367,-113.501849,1.340273827811608
8079,199 Street & 44 Avenue,53.480501,-113.671288,3.9638892383267725
A0643,Hudson Rd & Levasseur Rd,53.613637,-113.619377,5.710607489750447
3831,58 Street & 34 Avenue,53.465015,-113.427829,1.1505690465426468
S7904,Emerald Dr & Ellesmere Ln,53.567423,-113.283317,7.119255000338896
3652,50 Street & 28 Avenue,53.458656,-113.421124,0.9502941109419406
5590,134 Street & 102 Avenue,53.543111,-113.553281,2.297989122305051
9166,62 Street & 8 Avenue SW,53.425982,-113.436162,3.281176157793449
6224,129 Street & 132 Avenue,53.592264,-113.544568,0.24309321950500326
9850,Orchard Gate & 25 Avenue SW,53.409516,-113.47445,4.203641534239082
7868,88 Street & 153 Avenue,53.616105,-113.47627,2.462221318732386
8510,184 Street & 118 Avenue,53.568656,-113.637496,5.402419656380527
4884,Stein Lane & South Terwillegar Drive,53.43602,-113.580883,3.608176140729562
7386,67 Street & 158 Avenue,53.619531,-113.443529,1.7979545523103209
ODT-6418,105A Street & Castle Drive,53.644291,-113.504466,3.278511374820386
5175,156 Street & 76 Avenue,53.50797,-113.59109,1.69853727712833
2608,Davies Transit Centre Bay H,53.500187,-113.444662,2.7726160497760453
A0935,Eldorado Dr & Erin Ridge Dr,53.659421,-113.625108,8.667181720083049
1323,67 Street & 112 Avenue,53.564219,-113.44011,0.7799538920222224
2830,111 Street & 57 Avenue,53.494038,-113.515882,1.7978650647379333
7787,88 Street & 156 Avenue,53.616251,-113.476552,2.486827197607542
ODT-2138,81 Street & 76 Avenue,53.511916,-113.452167,1.3755089599291366
ODT-9587,Graydon Hill Boulevard & Graydon Hill Link SW,53.42197,-113.555158,1.9920953387008238
9615,Keswick Drive & Hiller Road SW,53.420541,-113.621647,5.776504713815037
6280,97 Street & 128 Avenue,53.585342,-113.492228,2.1066122094727384
7636,530 Hooke Road,53.583296,-113.378521,1.5212971179105694
6267,119 Street & 139 Avenue,53.60117,-113.52479,1.6616093985060432
8934,Lewis Greens Drive & 96 Avenue,53.532405,-113.674197,1.0910558290364403
3779,Silver Berry Road & 33 Avenue,53.462693,-113.387739,1.2891174016123266
9131,91 Street & Ellerslie Road SW,53.425171,-113.475186,4.32496427132844
1042,124 Street & 111 Avenue,53.558985,-113.53655,1.2641984415362892
3899,Mill Woods Stop,53.458447,-113.429725,0.45524831771217256
5565,142 Street & 121A Avenue,53.573285,-113.565936,1.328352533397159
7251,91 Street & 175A Avenue,53.637777,-113.47955,3.4695122054808283
88123,199 Street & Maskekosihk Trail,53.453547,-113.664601,5.617402406450962
S7321,Meadowview Dr & Aster Cr,53.545456,-113.252821,9.58072117074597
L0358,36 Avenue & 8 Street,53.383324,-113.513532,3.127992786976833
8162,199 Street & Hays Drive,53.482024,-113.667051,3.64063383920389
5075,156 Street & 114 Avenue,53.562803,-113.590521,2.431192741232673
4105,111 Street & 12 Avenue,53.442115,-113.51812,4.065725029708943
4383,317 Burton Road South,53.477902,-113.564253,1.6730270816560329
F3027,93 Avenue and Sherridon Drive WB,53.701158,-113.214287,15.361231542499123
L0352,5 Street & 20 Avenue,53.336801,-113.531522,7.876386550929595
4477,111 Street & Saddleback Road S Ent,53.44845,-113.516471,3.5501931028494407
S8700,Buckinghm Dr & Broadmoor Blvd,53.549957,-113.318412,5.3547586842667645
1259,82 Street & 120 Avenue,53.573291,-113.467431,1.5021083385363179
8106,199 Street & 62 Avenue,53.493947,-113.666954,2.9248439629811807
3255,34 Street & 35A Avenue,53.467576,-113.392494,1.8473086480962588
E48,Century Park Transit Centre,53.457474,-113.51557,2.5650817691516976
5756,189 Street & 89 Avenue,53.523388,-113.649711,1.1701820272124606
9027,66 Street & 6 Avenue SW,53.428598,-113.44252,3.036460522874175
S7104,Baseline Rd & Clover Bar Rd,53.541362,-113.266138,8.906845000696453
77663,Crystallina Nera Way & Crystallina Nera Drive,53.638717,-113.456295,3.2103318398276364
4496,Burton Road & Burton Crescent,53.479262,-113.565485,1.7137349588964366
9670,88 Street & Summerside Grande Boulevard SW,53.417927,-113.467178,4.710203871482096
3129,57 Street & 23 Avenue,53.453337,-113.427712,0.5012176122321425
A0421,Deerbourne Dr & Doolan Pl,53.655005,-113.637934,9.136880281178508
A0151,Larose Dr & Leddy Ave,53.646368,-113.641589,8.941813753620151
1634,117 Street & Kingsway,53.56652,-113.521471,2.1682340491183094
2308,99 Street & Whitemud Drive,53.480824,-113.487223,1.131782981156848
S7601,Crimson Dr & Clover Bar Rd,53.552918,-113.27503,7.932850234116647
6363,109 Street & 129 Avenue,53.587503,-113.508832,2.245978113039026
5282,156 Street & 87 Avenue,53.519546,-113.591099,0.4121763090572778
3986,66 Street & 38 Avenue,53.47366,-113.439381,2.054302770760202
1667,109 Street & 107 Avenue,53.551012,-113.50859,1.5081419440819503
1189,95 Street & 113 Avenue,53.562913,-113.487026,0.41655510927176176
8069,208 Street & 96 Avenue,53.532771,-113.67698,1.214271288030208
3199,97 Street & 33 Avenue,53.46554,-113.479688,2.245345597736096
6651,128A Street & 161 Avenue,53.623529,-113.542709,1.931232409168537
6556,127 Street & 152 Avenue,53.613905,-113.541409,1.6522566037771826
F2014,99 Avenue and 90 Street SB,53.69994,-113.230991,14.361193635825114
2940,120 Street & 87 Avenue,53.522895,-113.5377,2.6949783223140167
S5077,Parker Dr & Woodbridge Wy,53.530629,-113.324038,6.346000455763844
2177,62 Street & 106 Avenue,53.549289,-113.429006,1.048244273373462
3481,Millbourne Road W & 42A Avenue,53.478958,-113.458768,3.0117132300757445
55329,176 Street & 95 Avenue,53.529892,-113.626285,2.4927904983558813
7910,West Clareview Transit Centre Bay A,53.602308,-113.412481,0.7179189137870082
7434,91 Street & 167 Avenue,53.62882,-113.481995,2.715461122879264
7562,60 Street & 156 Avenue,53.617583,-113.435263,1.721885495215947
4648,MacTaggart Drive & May Road,53.442828,-113.556214,3.3832944220555694
8802,199 Street & Commercial Drive,53.495984,-113.664684,2.704708147428539
3553,99 Street & 39 Avenue,53.473644,-113.48621,1.3554292473716454
4137,108 Street & 40 Avenue,53.475691,-113.510105,0.5798122391990753
6166,114 Street & 171 Avenue,53.633752,-113.520519,2.021603586836706
S5054,Strathcona Dr & Parker Dr,53.523844,-113.327237,6.77610737531379
E265,Davies North Entrance,53.500177,-113.44458,2.7755768339423303
A0723,Erin Ridge Dr & Ebony Way,53.66391,-113.625825,8.99473877117263
22083,97 Street & 56 Avenue,53.491939,-113.479297,2.1532662264622653
7759,Kirkness Road & 151 Avenue,53.613694,-113.382328,1.886293317094869
7505,54A Street & 162 Avenue,53.623431,-113.418825,0.7078911982759931
9449,Ambleside Drive & Windermere Boulevard,53.435505,-113.608484,4.011784076432933
8197,199 Street & 44 Avenue,53.480464,-113.670354,3.919892583434551
99003,182 Street & 15 Avenue SW,53.418797,-113.636542,6.539547124605532
8771,180 Street & Stony Plain Road,53.541154,-113.631737,3.072880496284483
4250,Ogilvie Boulevard & Rabbit Hill Road,53.463376,-113.569281,1.1125212742434751
5958,185 Street & 97A Avenue,53.533787,-113.640783,2.1019354428961137
A0891,Forest Dr & Falstaff Ave,53.633476,-113.60026,5.874842429423065
7717,71 Street & 167 Avenue,53.629146,-113.451141,2.640610518080105
3726,41 Street & 38 Avenue,53.472396,-113.40122,2.6344653681617056
1209,Coliseum Transit Centre Bay J,53.571024,-113.459515,0.9595570560311788
3181,41 Street & 20 Avenue,53.45171,-113.404653,2.0180589703873095
7653,31 Street & 132A Avenue,53.593224,-113.389364,1.2177202543338594
4221,Riverbend Road & 44 Avenue,53.482328,-113.579258,1.57942394657508
1877,130 Street & 111 Avenue,53.558991,-113.54673,0.7104045317006279
9758,141 Street & Paisley Road SW,53.41384,-113.565537,1.9899718601822995
6484,102 Street & 135 Avenue,53.596824,-113.496029,2.5080604985163197
S4205,Ordze Transit Centre,53.513532,-113.330539,6.773763039124912
9710,Windermere Way & Windermere Boulevard,53.438781,-113.619237,4.051411832438402
9358,105 Street & Ellerslie Road SW,53.424713,-113.501039,3.0948206179768043
7793,91 Street & 132 Avenue,53.592034,-113.482677,2.752682653793947
3064,66 Street & Mill Woods Road S,53.446348,-113.437557,1.0341862635033505
5828,188 Street & Ormsby Road West,53.495934,-113.648751,1.7392957130182594
1576,71 Street & 118 Avenue,53.570474,-113.451336,0.41660751450083866
7146,Fort Road & 127 Avenue,53.584766,-113.444102,1.5801090700288152
3911,Mill Woods Transit Centre Bay K,53.457043,-113.430196,0.3299656893232902
8227,Secord Boulvevard & 92 Avenue,53.527384,-113.705641,2.5758879917152595
8815,Lewis Estates Boulevard & Breckenridge Drive,53.514081,-113.678274,1.2732772304601954
6327,Castle Downs Road & 145 Avenue,53.607413,-113.516529,0.9263123738686624
5518,165 Street & 97 Avenue,53.53488,-113.60607,1.6619869859139147
2497,79 Street & 95 Avenue,53.533205,-113.44902,1.2795137603742577
2631,109 Street & 62 Avenue,53.498632,-113.512091,2.1955175597550416
5655,184 Street & 64 Avenue,53.499162,-113.639573,1.0321903693818326
3427,Parsons Road & 23 Avenue,53.452366,-113.479286,3.002784019525905
7861,Victoria Trail & 132A Avenue,53.592754,-113.386328,1.3965037279042047
1399,38 Street & 106 Avenue,53.559621,-113.399403,1.4617615140593683
5088,142 Street & 116 Avenue,53.567518,-113.565953,0.9038166773139205
7059,40 Street & 137 Avenue,53.598847,-113.403024,0.2855882048531187
9101,MacEwan Road & McAllister Loop W SW,53.429076,-113.526415,2.5153148097095945
1479,97 Street & 103A Avenue,53.547291,-113.487387,0.4500801678018693
4532,115A Street & 13 Avenue,53.446277,-113.533339,4.156988586089164
7629,Victoria Trail & 130 Avenue,53.588823,-113.385715,1.7489537333226788
4282,107A Street & 32A Avenue,53.464882,-113.507276,1.638800330581004
ODT-4232,Heath Road & Hedley Way,53.462882,-113.600236,1.2539428897383216
A0294,Jensen Lakes Blvd & Joyal Way,53.660316,-113.644572,9.809639024162248
9273,141 Street & 28 Avenue SW,53.410531,-113.566049,1.924148177905626
6115,138 Street & Cumberland Road,53.607841,-113.5553,2.1098293399582055
5342,169 Street & 83 Avenue,53.51695,-113.612445,1.6204773973542212
S4036,Broadmoor Blvd & Main Blvd,53.538344,-113.319881,5.972410909809394
ODT-5414,184 Street & Lessard Road,53.484543,-113.645101,2.4847375867297226
3134,54 Street & 18A Avenue,53.449287,-113.423664,0.9881482929755218
6582,113 Street & 171 Avenue,53.633356,-113.518005,1.9632140949920207
5069,165 Street & 95 Avenue,53.531748,-113.608043,1.5061844079632143
4495,1203 Carter Crest Road,53.462991,-113.582036,0.6122628454306331
1943,120 Street & 107 Avenue,53.551048,-113.529491,2.1468899879343533
3007,Lakewood 3007,53.458536,-113.444365,0.7472048657550358
1252,88 Street & 118 Avenue,53.570465,-113.475839,0.8624378687019355
6656,Albany Way East & 167 Avenue,53.628655,-113.555133,2.9252478421481203
ODT-2993,126 Street & 63 Avenue,53.500077,-113.546682,3.6375583729242496
1989,108 Street & 104 Avenue,53.546338,-113.505834,1.1174353598229974
6608,St Albert Trail & 137 Avenue,53.599252,-113.57323,2.262913354624827
7119,93 Street & 137 Avenue,53.599366,-113.484751,2.6194231506828523
7588,82 Street & 134 Avenue,53.595717,-113.467131,1.653990117990729
E199,,53.540935,-113.498458,0.6387705270484036
1305,Government Transit Centre Bay E,53.536207,-113.504488,1.256795369073632
S9353,Clover Bar Rd & Wye Rd,53.513153,-113.270316,9.082504740967366
5638,172 Street & 75 Avenue,53.507393,-113.619445,0.5966681584021566
ODT-22192,71 Street & 80 Avenue,53.516379,-113.436681,1.7013638597238585
3506,Tamarack Way & Maple Road,53.476995,-113.364052,2.209915468344485
1653,Airport Road W & Kingsway,53.568192,-113.525406,1.9491130998598756
2686,110 Street & 82 Avenue,53.51801,-113.514677,1.1519808337127004
9337,61 Street & Watt Drive SW,53.415364,-113.435941,4.461966152873189
2226,79 Street & 94 Avenue,53.530241,-113.448175,1.0553702609152316
F3025,Sherridon Drive and 95 Avenue NB,53.702755,-113.214837,15.425435653340424
3793,30 Street & 37A Avenue,53.472222,-113.385329,1.9153098464651075
A0799,Hogan Rd & Newport Cr,53.65155,-113.663505,10.501498315698399
S6156,Raven Dr & Brentwood Blvd,53.523401,-113.295225,8.291750727337917
6563,127 Street & 140 Avenue,53.601765,-113.54143,1.2536389449469612
E196,105 Street LRT Access,53.547934,-113.500413,0.8673267844443984
Q3758,Stadium Station,53.559764,-113.471089,1.3130473933039737
77428,McConachie Way & McConachie Drive,53.632812,-113.425182,1.0676994726200812
6652,137 Street & 153 Avenue,53.614919,-113.556912,2.667146474499309
3799,50 Street & Mill Woods Road South,53.444787,-113.419429,1.5471082597276384
77012,McConachie Boulevard & 167 Avenue,53.629149,-113.43721,1.7208164102657955
1132,95 Street & 107 Avenue,53.553308,-113.483136,1.1761935545823916
9259,111 Street & Blackburn Drive SW,53.429812,-113.516457,2.8543925493663282
E171,118 Street Northside,53.570564,-113.458477,0.8895245081923124
1284,97 Street & 108 Avenue,53.553407,-113.490174,1.1049977407809537
9071,Glenridding Gate & Ellerslie Road SW,53.42455,-113.596993,4.38411484592298
3749,17 Street & 38 Avenue,53.476383,-113.368923,2.1036158090545567
6874,138 Street & 165 Avenue,53.626756,-113.559486,3.089455563274222
5718,188 Street & Callingwood Road,53.495372,-113.647852,1.7211065542829733
7574,90 Street & 153 Avenue,53.61502,-113.480525,2.390929343254566
L0370,8 Street & 32 Avenue,53.37442,-113.516291,3.9422948185377233
4059,Terwillegar Common W & Terwillegar Common S,53.443361,-113.580514,2.7944431132276746
A0761,Heritage Way & Harwood Dr,53.613323,-113.630795,6.380488486475937
S6012,Fir St & Willow St,53.51365,-113.317499,7.167756504909472
9765,57 Street & Watt Drive SW,53.419908,-113.429458,3.9685404829365667
11373,95 Street & 103A Avenue,53.547673,-113.480922,0.7442720832437061
1718,105 Street & 102 Avenue,53.543572,-113.500973,0.7491676873307307
99659,Glenridding Ravine Drive & 28 Avenue SW,53.409662,-113.601021,4.226649853867876
S8123,Jim Common Dr & Cranford Dr,53.545438,-113.288084,7.389812896909292
2707,South Campus Fort Edmonton Transit Centre Bay G,53.502548,-113.52895,2.8106560127669744
2328,79 Street & 82 Avenue,53.517977,-113.44847,0.9495187223290926
4577,111 Street & 40 Avenue,53.475664,-113.515336,0.8574754396875497
3084,62 Street & 18 Avenue,53.44779,-113.431812,0.8688383980245568
7736,82 Street & 160 Avenue,53.620713,-113.466003,2.3432867816990286
F1028,Westpark Drive and Woodbridge Link NB,53.680012,-113.251097,12.072982478298137
2468,17 Street & 73 Avenue,53.508167,-113.369325,5.479665617001792
1448,95 Street & 115 Avenue,53.565408,-113.487287,0.13895532879217765
6430,112 Street & 134 Avenue,53.59488,-113.513062,2.000427593765195
1847,123 Street & 118 Avenue,53.570205,-113.535136,1.4334978457358407
4525,2019 Leger Road,53.457006,-113.582757,1.269229906132146
6740,127 Street & 140 Avenue,53.602176,-113.540643,1.3028610682303121
3498,66 Street & 31 Avenue,53.461702,-113.434743,0.6968234596319326
5184,139 Street & 118 Avenue,53.570372,-113.562044,0.9143185073320271
L0400,Edmonton International Airport,53.307329,-113.583469,11.557478556338825
A0253,St. Albert Trail & Erin Ridge Rd,53.658748,-113.629601,8.874178948129087
4147,108 Street & 41 Avenue,53.477385,-113.511321,0.5320809780552693
ODT-22346,50 Street & Unit 6404 - 6418,53.499225,-113.428835,3.377391715820425
S7510,Summerwood Blvd & Summerland Wy,53.5597,-113.267499,8.260151525959223
9385,Parsons Road & Ellwood Road SW,53.429795,-113.479806,4.15458625097498
7487,91 Street & 174 Avenue,53.635691,-113.479556,3.3091801188622525
4022,Riverbend Road & 53 Avenue,53.490874,-113.578028,2.5307611151693785
5206,Westmount Transit Centre Bay D,53.56071,-113.555622,0.35840624820342976
6315,Eaux Claires Transit Centre Bay O,53.61834,-113.490669,1.7424963061796084
22162,Belgravia Road & Fox Drive,53.504071,-113.537977,3.1858464425897366
11097,St Albert Trail & 113 Avenue,53.561806,-113.544419,0.6623984234849973
99207,Desrochers Drive & Desrochers Boulevard SW,53.397835,-113.553041,1.487013523195733
9233,59 Street & 3 Avenue SW,53.430113,-113.432445,2.8222106812176517
63312,Sir Arthur Currie Way & Ad Astra Boulevard,53.607546,-113.510693,0.992660638324332
5986,178 Street & 69 Avenue,53.504298,-113.630922,0.32697856845762774
77324,55 Street & McConachie Drive,53.631364,-113.418767,0.6250009932540876
L0305,5 Street & 20 Avenue,53.339292,-113.53116,7.600845447347076
3350,Lakewood Road W & 28 Avenue,53.45873,-113.459421,1.703106410420412
1453,95 Street & 109A Avenue,53.557615,-113.485531,1.01196377223012
E141,,53.535965,-113.510278,1.5896581907193397
8975,Westview Village & Lakeview Drive,53.55042,-113.690183,3.357712990932106
4665,Riverbend Road & Heath Road S,53.460993,-113.594219,1.0771226250628807
2368,34 Street & 76 Avenue,53.51245,-113.395014,3.943308549010641
ODT-5484,149 Street & 89 Avenue,53.52152,-113.577846,0.8539855185986609
A0507,Deer Ridge Dr & Donald Pl,53.656456,-113.64656,9.715958364912021
55117,149 Street & 107 Avenue,53.550103,-113.578206,2.2160766030128483
A0326,Jensen Lakes Blvd & Jubilation Drive,53.662452,-113.643276,9.858887952859213
9196,Allard Link & Ashcraft Cape  SW,53.403017,-113.520625,1.2315046178159996
6097,132 Street & 132 Avenue,53.592143,-113.548327,0.4341362793639191
8693,178 Street & 105 Avenue,53.549028,-113.62726,3.7708564157627564
2755,109 Street & 67 Avenue,53.504222,-113.511839,1.9447070521515988
A0139,Laydon Dr & Lafonde Cr,53.640345,-113.649356,8.993765245036569
2895,109 Street & 60 Avenue,53.49689,-113.511981,2.005986072166906
4202,Century Park Transit Centre Bay B,53.457651,-113.515453,2.543964897726419
2515,Groat Road & Hawrelak Park,53.529654,-113.539928,3.035412536927644
7228,56 Street & 137 Avenue,53.599627,-113.426977,1.3147072380963682
22196,48 Street & Roper Road,53.49561,-113.415788,4.242669008022316
9254,91 Street & Ellwood Drive SW,53.430832,-113.470542,3.643830752871112
7747,27 Street & 139 Avenue,53.602719,-113.38478,1.135669721096587
ODT-88500,River Cree Resort,53.509986,-113.696152,2.430618491410461
E226,,53.546691,-113.487677,0.3807540017286926
7361,68 Street & Delwood Road,53.595417,-113.445545,0.8921830016415279
4123,270 Burton Road,53.475912,-113.567643,1.3589229547841404
2283,79 Street & 98 Avenue,53.53721,-113.449377,1.1790596210682214
1641,109 Street & 110 Avenue,53.556381,-113.508592,1.8225254133948072
S1042,Galloway Dr & Glengarry Cr,53.535242,-113.271893,8.846106584412329
9789,Shaw Way & 22 Avenue SW,53.412602,-113.451997,4.909811824140318
6476,149 Street & 137 Avenue,53.59922,-113.581806,2.7851026655516837
1895,95 Street & 110A Avenue,53.559234,-113.486437,0.8273433307793158
A0833,Liberton Dr & Liberton Clinic,53.645659,-113.628452,8.112481511584324
5143,142 Street & 118 Avenue,53.57048,-113.566878,1.141725371018582
2391,85 Street & 92 Avenue,53.52642,-113.457721,0.34253202123983795
2193,79 Street & 82 Avenue,53.518094,-113.449845,0.8729972682429049
5780,182 Street & 97A Avenue,53.533376,-113.63753,2.2632210773988963
9821,69A Street & Shaw Way SW,53.414271,-113.448722,4.6804930003577105
1170,95 Street & 116 Avenue,53.567103,-113.487327,0.05091242730638121
3774,99 Street & 19 Avenue,53.448559,-113.485545,3.484430913587471
ODT-6826,207 Street & Trumpeter Way,53.588336,-113.676655,7.24342055269759
7596,66 Street & 146 Avenue,53.607101,-113.442642,0.45808576308493
S6079,Raven Dr & Crane Rd,53.523217,-113.293911,8.371489153475451
4183,105 Street & 42 Avenue,53.477918,-113.497762,0.4569180683443831
9058,66 Street & Ellerslie Road SW,53.425473,-113.442487,3.378913031379669
9125,70 Street & Stanton Drive SW,53.420117,-113.448674,4.044907477255895
2739,106 Street & 67 Avenue,53.503672,-113.504335,1.8145443628409725
L0180,50 Street & 52 Avenue,53.266732,-113.552325,15.69502164371352
1523,97 Street & 122 Avenue,53.577169,-113.492061,1.214166384144992
2057,The Parkway & Oak Ridge Drive,53.502485,-113.365687,5.0161187810545815
8910,Century Road & Vanderbilt Common,53.562128,-113.885119,15.062989616773793
4803,Leger Transit Centre Bay C,53.455386,-113.579884,1.4705612302768207
5049,144 Street & 107 Avenue,53.551137,-113.569754,1.7553180649845825
6685,127 Street & 161 Avenue,53.623784,-113.541736,1.8872295885546353
3963,24 Street & 20 Avenue,53.450239,-113.376508,0.9047869918751368
L0337,8 Street & 30 Avenue,53.366934,-113.515452,4.746388627691104
ODT-6481,99 Street & 178 Avenue,53.640741,-113.495108,3.1262435060847205
77120,50 Street & 146 Avenue,53.60914,-113.416972,1.33182229535155
5937,166A Street & 114 Avenue,53.562964,-113.605809,3.4429869383555083
77693,Fraser Way & Fraser Vista,53.612485,-113.361337,2.9515395869840195
3072,55 Street & 11A Avenue,53.440867,-113.423363,1.7798871768490658
A0473,Parkwood Dr & Park Ave,53.640908,-113.594824,5.882933425850901
A0319,Arlington Dr & Ash Cres,53.624816,-113.597335,5.273618759684147
1346,101 Street & 101A Avenue,53.542922,-113.493586,0.265675342111739
9553,Windermere Wynd & Windermere Boulevard,53.439881,-113.624091,4.152746524141431
7676,50 Street & McLeod Road,53.613962,-113.418053,1.619008205388364
5284,158 Street & 95 Avenue,53.531485,-113.593615,0.9436131577090935
5570,149 Street & 100 Avenue,53.538311,-113.578167,1.8646017838793412
A0372,Levasseur Road & Hudson Road,53.614133,-113.618416,5.67920127356674
6147,97 Street & Castle Downs Road,53.62796,-113.492133,2.11641915627194
A0345,Carnegie Dr & Boudreau Rd,53.636859,-113.574782,4.508684268054974
7167,93 Street & 137 Avenue,53.600465,-113.485046,2.620422121477279
4561,108 Street & 32A Avenue,53.464682,-113.507649,1.6641836672949162
9329,141 Street & Chappelle Drive SW,53.40769,-113.565254,1.8412913520470802
5603,165 Street & 99 Avenue,53.536357,-113.605862,1.7852570428443006
A0068,Erin Ridge Rd & St Albert Trail,53.657834,-113.628205,8.741693048045397
A0058,Kingsway Dr & Kelso Court,53.652022,-113.587734,6.199304898374554
2803,67 Street & 72 Avenue,53.508674,-113.431697,2.468845233463243
1080,88 Street & 112 Avenue,53.560956,-113.476305,0.959650333416044
1974,127 Street & 118 Avenue,53.570739,-113.541038,1.15163125351024
3871,Silver Berry Road & 28B Avenue,53.459297,-113.377388,0.506007126670682
F1008,95A Ave and Westpark Way WB,53.687715,-113.249987,12.56855604177082
22666,75 Street & 90 Avenue,53.524281,-113.443128,1.0809836755128839
2064,68 Street & 94B Avenue,53.53339,-113.432698,0.7441892504069125
99033,Chappelle Green & Chappelle Boulevard SW,53.406751,-113.582742,3.005280611339357
44158,148 Street & 59 Avenue,53.496511,-113.575234,3.1388839949713145
6543,129 Street & 148 Avenue,53.610391,-113.543242,1.8587773727520827
2134,Low Level Bridge & 98 Avenue,53.537399,-113.484528,0.7283272294387954
S9115,Ritchie Wy & Rainbow Cr,53.515952,-113.267922,9.411771005188761
1265,86 Street & 112 Avenue,53.561169,-113.474048,1.0626298721474117
A0341,Carnegie Dr & Corriveau Ave,53.641936,-113.57598,4.890679218762507
A0350,Centre Street & Carleton Drive,53.647795,-113.575141,5.264239495024823
7130,88 Street & 150 Avenue,53.611246,-113.47508,2.1255945379299646
3175,37 Street & 16A Avenue,53.444395,-113.398918,2.391703052441361
A0336,Corriveau Avenue & Veness Road,53.642429,-113.567565,4.492210190716247
5106,Jasper Place TC on 100A Avenue Bay J,53.540315,-113.592752,1.908338094942685
1364,100 Street & 103 Avenue,53.545231,-113.490897,0.21078525285709698
99038,25 Street & 46 Avenue East Nisku,53.306363,-113.558163,11.336840710989966
ODT-9082,Blackmud Creek Crescent & Blackmore Way SW,53.419834,-113.507669,2.417275641127463
2355,75 Street & 106 Avenue,53.549445,-113.443628,1.28719525878648
6622,137 Street & 153 Avenue,53.614588,-113.556412,2.635615077145903
7080,66 Street & 132 Avenue,53.591503,-113.443153,1.3389941981485958
2261,99 Street & 44 Avenue,53.481576,-113.486286,1.206769877585106
F1020,Westpark Drive and Woodbridge Link SB,53.679057,-113.265165,11.21164743999587
3856,17 Street & 38 Avenue,53.477243,-113.372753,2.202677444451748
8466,178 Street & 110 Avenue,53.558333,-113.627196,4.606271804395302
L0331,5 Street & 15 Avenue,53.322308,-113.530872,9.489536312875142
7285,76 Street & 149A Avenue,53.610915,-113.460411,1.2774088352333925
5162,170 Street & 109 Avenue,53.555885,-113.614424,3.9684886380189592
3699,66 Street & 12 Avenue,53.441971,-113.439127,1.5323627476394974
2558,105 Street & 51 Avenue,53.488101,-113.49998,0.99745199061649
5892,188 Street & 70 Avenue,53.504028,-113.648356,1.47874122446736
5172,174 Street & 98A Avenue,53.533078,-113.620851,2.2978713538922193
1590,50 Street & 121 Avenue,53.575398,-113.418247,1.8547707319437448
7988,Homestead Crescent & Hooke Road,53.584607,-113.394112,1.461445451053034
2663,113 Street & 61 Avenue,53.498677,-113.522695,2.4661007000970985
1146,95 Street & 111 Avenue,53.5602,-113.485976,0.722760772627433
E256,Commerce Place,53.541156,-113.494631,0.4035146423874205
3414,96 Street & 28 Avenue,53.45871,-113.477052,2.857753681273096
77249,50 Street & Cy Becker Boulevard,53.632183,-113.414774,0.5258029125199255
5032,160 Street & 118 Avenue,53.570522,-113.597733,3.002465113799398
2205,Southgate Transit Centre Bay E,53.485635,-113.516095,1.0488423136817888
1519,Quarters Stop,53.544546,-113.482943,0.46153896825090496
4809,Leger Transit Centre Bay I,53.455465,-113.580729,1.4530506828448873
5806,151 Street & 118 Avenue,53.570302,-113.580547,1.9121037577215445
3098,99 Street & 37 Avenue,53.472059,-113.485939,1.4631734466342237
9681,Summerside Drive & 11 Avenue SW,53.423351,-113.463038,4.047846085266334
A0231,Sturgeon Rd & Beaverbrook Cres,53.644295,-113.613181,7.134410355070365
55092,149 Street & 104 Avenue,53.546669,-113.577944,2.4825438134182476
ODT-9888,Bailey Court & Blackmud Creek Crescent SW,53.418037,-113.510405,2.1547841011396884
6103,Hudson Court & Hudson Road,53.606627,-113.548994,1.8460863256630515
1522,32 Street & 107A Avenue,53.561028,-113.390063,1.1825103560762025
A0307,Pineview Dr & Poirier Ave,53.641571,-113.582535,5.222742190435323
A0114,North Ridge Dr & Giroux Rd,53.644185,-113.668467,10.262242293223473
3301,17 Street & Silver Berry Road,53.463813,-113.36873,0.7109732920733356
A0273,Cunningham Rd & Farmstead Ave,53.630273,-113.608001,6.200834611936317
7878,19 Street & Fraser Way,53.610189,-113.368216,2.431289684587717
7067,63 Street & 156 Avenue,53.617137,-113.438936,1.5911381417157688
S1088,Gatewood Blvd & Galaxy Wy,53.533929,-113.29318,7.6982478492887685
4305,Magrath Boulevard & May Link SW,53.449154,-113.553617,2.931977994959704
1115,Kingsway RAH Station,53.557963,-113.501392,1.3503110270472976
3027,82 Street & Knottwood Road N,53.450025,-113.457249,1.634631434514923
9522,Orchards Boulevard & Orchards Drive SW,53.40718,-113.465143,4.8167101439119016
1149,61 Street & 118 Avenue,53.570433,-113.43565,0.6229546214583399
A0011,Gatewood Ave & Grenfell Ave,53.62128,-113.63609,7.0859373907795105
2013,50 Street & Whitemud Drive,53.488963,-113.418377,3.8788168516311576
S5095,Strathcona Dr & Haythorne Rd,53.524059,-113.327139,6.761364155654701
9283,141 Street & Hays Ridge Boulevard SW,53.413265,-113.565224,1.9484730453501737
7686,40 Street & Hermitage Road,53.58664,-113.407006,1.6682771948846877
6438,131 Street & 155 Avenue,53.617983,-113.545677,1.9382164186079767
4099,106 Street & 38 Avenue,53.47316,-113.504353,0.7042312767003531
2426,58 Street & 94B Avenue,53.533874,-113.423178,0.9153337839880168
7196,76 Street & 144 Avenue,53.607026,-113.459461,0.9901362981219011
8599,222 Street & Rosenthal Boulevard,53.51644,-113.698755,2.2256574452281472
7545,58 Street & 144 Avenue,53.606078,-113.432039,0.9559501094252614
6244,135 Street & 137 Avenue,53.599323,-113.552923,1.2038722710706373
S7900,Emerald Dr & Clover Bar Rd,53.566903,-113.274326,7.7175036001706125
5541,149 Street & 118 Avenue,53.570332,-113.576273,1.6552935527407533
4504,Magrath Boulevard & McClung Crescent,53.444533,-113.556354,3.22005145569858
1539,95 Street & 116 Avenue,53.567595,-113.487083,0.10482640127124265
3021,Mill Woods Road & 23 Avenue,53.452497,-113.448298,0.9810813813675291
2409,45 Street & 76 Avenue,53.512352,-113.411439,3.3798037918432975
55353,Mayfield Common,53.543017,-113.611726,2.6175238070258637
4568,Carter Crest Road & Carlson Close,53.465714,-113.580018,0.38862457209027235
7683,38 Street & 160 Avenue,53.62259,-113.402202,0.8457135159545209
5330,139 Street & 118 Avenue,53.57023,-113.560708,0.8513795292605717
6368,Castle Downs Road & 139 Avenue,53.601744,-113.516855,1.5573019903237235
3151,Mill Woods Road E & 16A Avenue,53.444622,-113.402356,2.4448629735375706
9033,85 Street & Edwards Drive SW,53.429985,-113.46275,3.403338550111929
A0613,Poirier Ave & Campbell Rd,53.642212,-113.579757,5.111098156652253
11344,104 Street & 104 Avenue,53.546329,-113.498876,0.6873939084815583
4245,112 Street & 29A Avenue,53.462004,-113.521056,2.247240683222359
5489,149 Street & 99 Avenue,53.537979,-113.577898,1.8393732746835751
1289,101 Street & 116 Avenue,53.567097,-113.493817,0.442866953150841
3115,92 Street & 28 Avenue,53.458696,-113.470142,2.402950357616419
6210,142 Street & 137 Avenue,53.599589,-113.570253,2.10438420500878
88700,Secord Boulevard & 97 Avenue,53.536513,-113.70391,2.824375001736574
3983,66 Street & 36A Avenue,53.470931,-113.438363,1.7437332619566048
1559,97 Street & 124 Avenue,53.579815,-113.492072,1.5002089792800992
2781,112 Street & 84 Avenue,53.520279,-113.520709,1.5434778833132348
Q3599,University Station,53.524938,-113.522258,1.7530305424150385
5538,172 Street & 95 Avenue,53.53161,-113.619267,2.129677071249737
5781,166A Street & 111 Avenue,53.559182,-113.607273,3.5754407679734728
1002,Abbottsfield Transit Centre Bay B,53.572087,-113.390058,0.0583475833816499
F3002,99 Avenue and Highway 15 SB,53.703097,-113.225705,14.847156408243691
A0981,Erin Ridge Dr & Eldorado Dr,53.659485,-113.625828,8.710622295070282
8535,Queen Street & McLeod Avenue,53.542228,-113.906064,15.965106482978829
3380,68 Street & 38 Avenue,53.474207,-113.442221,2.1521093297904734
99230,Chivers Loop & Crawford Drive SW,53.399424,-113.59889,4.175829456392996
ODT-9437,Keswick Way & Keswick Boulevard SW,53.422602,-113.641419,6.375450341162176
E138,110 Street & 98 Avenue South,53.535589,-113.510179,1.6056916923202313
9040,66 Street & 2 Avenue SW,53.431212,-113.442463,2.7499331679419456
7392,24 Street & 139 Avenue,53.602351,-113.37905,1.508521356650483
6780,130 Street & 167 Avenue,53.628313,-113.547496,2.475855655769932
2621,99 Street & 73 Avenue,53.509732,-113.485997,1.323374075380217
8039,Hope Road & Hemingway Road,53.48848,-113.678795,3.8907267585395595
9432,Watt Drive & 20 Avenue SW,53.415436,-113.427493,4.476206940544286
3529,Mill Woods Road E & 36 Avenue,53.467071,-113.408105,2.1725243779107526
2837,99 Street & 63 Avenue,53.499997,-113.487723,2.260306624256578
1327,80 Street & 118 Avenue,53.570462,-113.464671,1.299935737582728
6725,137 Street & 155 Avenue,53.616548,-113.556717,2.6541821412900473
2239,50 Street & 76 Avenue,53.513079,-113.418196,2.9676496626496145
S1006,Granada Blvd & Peacock Dr,53.528448,-113.288044,8.322969413038763
7841,21 Street & 147 Avenue,53.609942,-113.372616,2.1560722657059936
6850,170 Street & 137 Avenue,53.599243,-113.613333,4.797949057447973
6186,121 Street & 150 Avenue,53.612323,-113.530847,1.0144598406829408
4933,Thibault Way & South Terwillegar Boulevard,53.441615,-113.584269,2.980571324990596
43333,Terwillegar Drive & Haddow Road,53.452055,-113.589088,1.8524724290043035
S1011,Sherwood Dr & Graham Rd,53.538775,-113.295432,7.288140065964625
S9015,Nottingham Blvd & Nottingham Rd,53.523547,-113.274683,9.361535108598018
7463,97 Street & 160 Avenue,53.621592,-113.491589,1.7808425094560707
3299,Mill Woods Road E & 38 Avenue,53.469088,-113.409932,2.223116738320769
88107,199 Street & Woodbend Wynd,53.465007,-113.664579,5.014563863285767
A0289,SWC Ave & Cunningham Rd,53.632975,-113.618444,6.905308903387425
88351,Stillwater Boulevard & Maskekosihk Trail,53.454086,-113.670068,5.9490386118385725
1700,116 Street & Jasper Avenue,53.541463,-113.521182,2.10089502932128
77670,62A Street & McConachie Boulevard,53.640283,-113.432458,1.9621267523990242
1747,117 Street & 107 Avenue,53.551065,-113.523211,2.377852620899152
1388,119 Street & 111 Avenue,53.558764,-113.526336,1.90683707929807
1098,122 Street & Jasper Avenue,53.541371,-113.532946,2.851101889562408
6615,131A Street & 162 Avenue,53.623628,-113.551853,2.4906032923648125
5445,134 Street & 107 Avenue,53.550824,-113.55374,1.4392572837941189
6524,105 Street & 134A Avenue,53.596186,-113.500779,2.415690387607077
S7313,Davenport Dr & Davenport Pl,53.552337,-113.258963,8.97974090633746
4440,111 Street & 19 Avenue,53.449114,-113.516041,3.4717100757569606
E240,Education Centre,53.53576,-113.505557,1.3432625304178507
3528,Lakewood Road W & 28 Avenue,53.458878,-113.460343,1.7664589378366085
6142,127 Street & 135 Avenue,53.596766,-113.54108,0.7009356801667677
1246,100 Street & 102 Avenue,53.543869,-113.490609,0.07547490868908768
8352,Glastonbury Boulevard & Galland Crescent,53.498078,-113.66736,2.8119286042779184
5244,142 Street & 118 Avenue,53.570236,-113.565214,1.0419552000818397
5811,175 Street & Callingwood Road,53.496968,-113.625658,0.7575923673972793
5644,184 Street & 62B Avenue,53.496385,-113.640268,1.2501158202205902
4056,Ryan Place & Rabbit Hill Road,53.469459,-113.585097,0.14772414574264764
7722,Hyndman Road & Hyndman Crescent,53.577044,-113.376495,1.1074266746844739
8370,206 Street & Hemingway Road,53.488058,-113.676374,3.76847820538212
6629,123 Street & 142 Avenue,53.604261,-113.535449,1.5970229563387333
77139,82 Street & 180 Avenue,53.642214,-113.467663,4.053939990620204
F5004,Greenfield Way and Southfort Drive EB,53.681854,-113.232872,13.234258567231084
3326,38 Street & Kirkwood Avenue,53.483006,-113.40195,3.5283693605912334
ODT-2012,42 Street & 102 Avenue,53.54376,-113.408985,1.5962737801557705
5506,186 Street & Parking Lot,53.540407,-113.644901,2.4003279556134096
6458,Castle Downs Road & McCrae Avenue,53.612538,-113.516539,0.3559405536055913
A0235,Burnham Ave & Bernard Dr,53.638442,-113.61641,7.06847873947992
3798,44 Street & 39 Avenue,53.473143,-113.406201,2.71703727772805
6560,111 Street & 137 Avenue,53.599403,-113.511605,1.8479989450482903
E85,,53.524772,-113.522819,1.7817412045800782
9031,Parsons Road & Ellerslie Road SW,53.424937,-113.47906,4.3484220705478185
5763,189 Street & 87A Avenue,53.52204,-113.649268,1.2103338131620518
1382,124 Street & 109A Avenue,53.555346,-113.536042,1.5069156298749582
3463,91 Street & 34 Avenue,53.465435,-113.4681,2.500528491847423
2562,45 Street & 105A Avenue,53.548874,-113.411349,1.6971167361244175
3385,Mill Woods Road E & 21 Avenue,53.454188,-113.409056,1.6880471414526181
7449,63 Street & 144 Avenue,53.604716,-113.438433,0.5067791036371375
5710,Ormsby Road W & Ormsby Lane,53.497942,-113.653055,1.9042768857203782
A0016,Erin Ridge Dr & Eastpark Dr,53.665303,-113.613983,8.478853786660228
6096,116 Street & 157 Avenue,53.619285,-113.522206,0.540418981419511
S7118,Highland Wy & Highcliff Rd,53.53543,-113.250891,10.095163176391496
4110,Magrath Road & 23 Avenue,53.453916,-113.558591,2.3222973636930577
5995,188 Street & 73 Avenue,53.506885,-113.648748,1.5438400780569148
9353,122 Street & 26 Avenue SW,53.411035,-113.539891,0.4247149551228993
6766,Castle Downs Road & 153 Avenue,53.614342,-113.520878,0.3208871531062027
1363,97 Street & 109 Avenue,53.555737,-113.490918,1.2401717920953
6219,Hudson Way & Cumberland Road,53.604852,-113.544511,1.601961529814907
5846,172 Street & 99 Avenue,53.535304,-113.619195,2.335216942070696
2789,106 Street & 66 Avenue,53.502792,-113.504498,1.9121217821580443
1278,97 Street & 122 Avenue,53.576796,-113.493268,1.1987206312245269
1589,44 Street & 118 Avenue,53.570298,-113.408341,1.1886995742520499
1019,101 Street & 104 Avenue,53.547126,-113.493553,0.4801489220870434
88153,Granville Drive & Glastonbury Boulevard,53.50418,-113.68481,2.441243031993648
ODT-9403,Checknita Way & Cavanagh Drive SW,53.409416,-113.508178,1.9663983080319036
2303,Capilano Transit Centre Bay C,53.538704,-113.422618,0.6567115422241886
1298,38 Street & 110 Avenue,53.562941,-113.400066,1.1564866978213444
7376,Mayliewan Close & 154 Avenue,53.616408,-113.457647,1.6440323923607914
A0378,St Albert Trail & Gate Avenue,53.623073,-113.612672,5.897951217840997
9981,McKernan Belgravia Station,53.512603,-113.526199,2.0520491009225412
9709,Windermere Way & Wates Link SW,53.433494,-113.617534,4.485426172710426
1079,76 Street & 118 Avenue,53.570493,-113.458981,0.9229636899303983
1484,101 Street & 112 Avenue,53.561269,-113.493636,0.7366240909466467
6579,113A Street & 132 Avenue,53.592038,-113.515395,1.7941474842103702
6620,132 Street & 150 Avenue,53.612389,-113.548635,2.150401767885779
7765,Ozerna Road & 162 Avenue,53.623602,-113.447238,2.24695488206779
6590,115 Street & 162 Avenue,53.623497,-113.523383,0.9724644400936263
S4938,Salisbury Wy & Mitchell St,53.5113,-113.2998,7.603142939624967
1136,82 Street & 118 Avenue,53.570758,-113.467166,1.4020341179898774
1716,Groat Road & 118 Avenue,53.570206,-113.547724,0.8251753461644444
ODT-66026,Tanager Place & Starling Drive,53.593234,-113.653283,7.350458124750247
77675,Cy Becker Road & Cy Becher Boulevard,53.634696,-113.406266,0.8218130878524869
L0348,5 Street & 24 Avenue,53.351329,-113.53139,6.26274926033456
2334,87 Street & 95 Avenue,53.531566,-113.461415,0.9073681261629941
1571,97 Street & Jasper Avenue,53.543457,-113.485763,0.25633371837248653
9438,Allan Crescent & Allan Drive SW,53.428163,-113.60123,4.625368666125392
7903,West Clareview Transit Centre Bay H,53.60215,-113.412069,0.6883619630901099
6784,127 Street & 145 Avenue,53.606997,-113.541139,1.8362121049001885
5682,172 Street & 67 Avenue,53.502712,-113.619629,0.4435938647124045
63313,Sir Arthur Currie Way & Ad Astra Boulevard,53.606518,-113.510806,1.0960007309757143
4439,Terwillegar Drive & 40 Avenue,53.476266,-113.576168,1.011077762706208
6333,127 Street & 129 Avenue,53.588652,-113.541047,0.22506952722724574
9609,Chappelle Green & Chappelle Way SW,53.402035,-113.587272,3.3607182624048137
9127,Rutherford Road & 18A Avenue SW,53.415665,-113.535165,0.924861685028144
A0739,Heritage Dr & Hanover Pl,53.610727,-113.619536,5.581954397685518
E189,Clareview West Transit Centre,53.602208,-113.41168,0.6638121515055502
88108,199 Street & 31 Avenue,53.463493,-113.664228,5.148765690449459
ODT-2957,129 Street & 63 Avenue,53.498824,-113.550578,3.760357536189458
2039,86 Street & 61 Avenue,53.496689,-113.455124,2.9977379713026653
S7874,Lakeland Dr & Axbridge Gate,53.555111,-113.291554,6.812321066985931
8096,213 Street & Webber Greens Drive,53.527936,-113.685361,1.292661414331527
8836,172 Street & 106 Avenue,53.550992,-113.617755,3.5831829524181082
5092,141 Street & 118 Avenue,53.57039,-113.564007,0.9984057058498002
L0207,Discovery Way by Marks,53.268191,-113.567198,15.626971662175325
ODT-8740,All Weather Windows,53.570929,-113.644074,5.500679882146818
1333,109 Street & 111 Avenue,53.559016,-113.50906,1.6810108833631254
1753,122 Street & 107 Avenue,53.55088,-113.531992,2.0382458529708516
6735,107 Street & 176 Avenue,53.640125,-113.508463,2.76778874567755
3520,31 Street & 38 Avenue,53.472914,-113.387512,2.058007738639032
S7807,Clover Bar Rd & Jubilee Dr,53.565155,-113.270842,7.963254726307153
5228,154 Street & 76 Avenue,53.508138,-113.586042,1.7039209274621743
9428,119A Street & 26 Avenue SW,53.408979,-113.537315,0.16768257638992687
3157,Mill Woods Road E & 20 Avenue,53.452033,-113.409997,1.6636833104049031
S1068,Galloway Dr & Glenbrook Blvd,53.539759,-113.285767,7.798172327457826
7139,82 Street & 134 Avenue,53.59503,-113.467478,1.7141614965631773
A0387,Woodlands Rd & Wakefield Blvd,53.648315,-113.603628,6.802010587230533
2014,Health Sciences Jubilee Station,53.520388,-113.525818,1.8824847654797585
1794,107 Street & 99 Avenue,53.537619,-113.504684,1.1769955357884443
22118,75 Street & Roper Road,53.492829,-113.441732,3.6091356438918636
7590,55 Street & 146 Avenue,53.610901,-113.424397,1.641323168886661
6123,125 Street & 129 Avenue,53.587537,-113.537504,0.4622141195931606
Q102St,102 St Stop,53.54316,-113.494138,0.29818032414940215
8366,Westland Market & McLeod Avenue,53.54305,-113.915928,16.625353823400328
6276,123 Street & 142 Avenue,53.604106,-113.533892,1.6134059924613706
S8112,Sherwood Dr & Jim Common Dr,53.548219,-113.2955,6.816509218852073
5338,135 Street & 118 Avenue,53.570363,-113.555076,0.7397633541103295
2309,50 Street & Roper Road,53.495619,-113.419373,4.083506878585137
7363,87 Street & 135 Avenue,53.596755,-113.475195,2.084451939507256
1111,Kingsway RAH Transit Centre Bay E,53.558529,-113.501657,1.3186409931482377
2949,Malmo Road & 51 Avenue,53.488155,-113.522083,1.5337715822252096
1241,34 Street & 119 Avenue,53.571534,-113.39384,0.21885788727659516
8590,181 Street & 118 Avenue,53.569467,-113.633937,5.3431636767419
9722,Washburn Drive & Watcher Way SW,53.435515,-113.624175,4.538285421293871
6676,137 Street & 155 Avenue,53.616052,-113.557219,2.686109297774347
2779,99 Street & 70 Avenue,53.506856,-113.486039,1.594476864411598
7008,Northgate Transit Centre Bay E,53.599885,-113.48878,2.5516916920290673
A0459,SWC Ave & Waverly Dr,53.650343,-113.594498,6.43172030665101
4790,111 Street & 9 Avenue,53.440093,-113.518476,3.84516706483053
4356,106 Street & 11 Avenue,53.441521,-113.500008,4.234150651527112
A0431,Deer Ridge Dr & Dorchester Dr,53.655015,-113.642029,9.37616698608689
2711,South Campus Fort Edmonton Transit Centre Bay K,53.502968,-113.528778,2.7710094879611447
2185,91 Street & 87 Avenue,53.522631,-113.467544,0.5504504118039927
E10,,53.544248,-113.489115,0.09281648526457535
F5006,Southfort Drive and 84 Street NB,53.684191,-113.230132,13.51419709678288
6144,121 Street & 152 Avenue,53.613563,-113.530581,0.9542037755697681
S8208,Bethel Transit Terminal,53.542763,-113.305297,6.499899679554551
A0009,Grenfell Ave & Glenhaven Cres,53.62281,-113.632752,6.979376485025138
S8200,Bethel Transit Terminal,53.54278,-113.3076,6.36674763820723
4276,105 Street & 28 Avenue,53.458769,-113.499271,2.328109284739638
ODT-66525,Hawks Ridge Boulevard North & Peregrine Terrace,53.589058,-113.697248,7.56163626134431
S7290,Medowview Dr & Larkspur Pl,53.544549,-113.260287,9.14355849063276
22171,42 Street & 53 Avenue,53.490407,-113.407381,4.284259286005169
A0773,Laydon Dr & Lafonde Cr,53.640197,-113.649333,8.982427310181746
9837,Rutherford Road & 15 Avenue SW,53.418802,-113.536244,1.2631474873909776
3012,Lakewood 3012,53.458543,-113.445898,0.8392304976488232
99248,Desrochers Boulevard & 35 Avenue SW,53.401912,-113.548329,0.9466392381736802
E290,Churchill Stop West Entrance,53.543398,-113.490176,0.034675673236003395
8694,215 Street & 103 Avenue,53.544895,-113.688336,2.758776516950993
A0224,Giroux Rd & Versailles Ave,53.640145,-113.672269,10.21828682108179
9767,69 Street & Shaw Way SW,53.414454,-113.446718,4.635148267856126
1485,82 Street & 120 Avenue,53.574344,-113.467142,1.5222804396436396
7621,34 Street & Kirkness Road,53.609412,-113.394026,1.0379935120390271
4167,Bulyea Road & Terwillegar Drive,53.475699,-113.573116,1.077654349163992
A0807,Deerbourne Dr & Deer Ridge Dr,53.654821,-113.639932,9.243517826422334
99068,182 Street & 28 Avenue SW,53.410793,-113.636414,6.583609161877317
6359,129 Street & 157 Avenue,53.619641,-113.543755,1.8466660778917279
ODT-2397,79 Street & 73 Avenue,53.509069,-113.449101,1.7451699946803132
3225,41 Street & 38 Avenue,53.472542,-113.40027,2.5961759880343442
3915,Mill Woods Transit Centre Bay O,53.457126,-113.428798,0.4153187334154822
3545,44 Street & 43 Avenue,53.479767,-113.409383,3.17541469240351
ODT-99023,Cavanagh Drive & 30 Avenue SW,53.406945,-113.514536,1.5329399925989478
4227,114 Street & 35 Avenue,53.468294,-113.528547,2.044946637160778
A0609,SWC Ave & Perron St,53.631964,-113.622609,7.034556495950975
3661,50 Street & 38 Avenue,53.469378,-113.416644,1.9473804465973117
A0392,Richardson Drive West,53.604668,-113.647275,7.1218486259914116
77186,37 Street & 154 Avenue,53.615537,-113.398711,1.5971997843248193
7995,64 Street & 162B Avenue,53.624531,-113.439285,1.8913733658220762
5468,153 Street & 114 Avenue,53.56325,-113.584932,2.059309939369709
1264,95 Street & 122 Avenue,53.57656,-113.486789,1.1027253409591238
1468,82 Street & 125 Avenue,53.581677,-113.467096,1.9125755851641963
2956,114 Street & 74 Avenue,53.509842,-113.525984,2.172586143499651
1762,127 Street & 122 Avenue,53.576435,-113.541332,1.5685691749418063
S4206,Ordze Transit Centre,53.513298,-113.330523,6.750214644155952
7223,42 Street & 137 Avenue,53.597951,-113.406571,0.4900648939361494
Q2805,Corona Station,53.540977,-113.505358,1.0732128027164352
4490,111 Street & 43 Avenue,53.478704,-113.516777,0.8446639281677849
4583,106 Street & 29 Avenue,53.460332,-113.50175,2.137570340332
8761,Century Road & Grove Drive,53.557829,-113.88386,14.853472569485838
4620,Magrath Boulevard & May Gate,53.446412,-113.553536,3.165186668560291
5915,189 Street & 85 Avenue,53.518495,-113.648565,1.3645791917587187
5332,152 Street & 87 Avenue,53.519377,-113.581927,0.7066087935519908
9463,Crabapple Crescent & Orchards Drive SW,53.407392,-113.466135,4.750621079980315
A0711,Giroux Rd & Bellerose High Sch,53.647499,-113.656531,9.863730603581205
11309,97 Street & 103A Avenue,53.54655,-113.48832,0.3529205998598556
A0759,Harwood Dr & Heritage Way,53.612999,-113.631468,6.407238759965344
4212,Century Park Transit Centre Bay L,53.457245,-113.515634,2.5906858265374457
2545,St Gabriel School Road & 106 Avenue,53.550744,-113.421579,1.3826314903988324
7673,Miller Boulevard & 145 Avenue,53.608617,-113.414172,1.1562424729938343
3583,Joyce Road & Jackson Road,53.484335,-113.408339,3.650864033120771
77273,50 Street & Brintnell Boulevard,53.619838,-113.415795,0.9499534551559103
5127,135 Street & 110A Avenue,53.558369,-113.555416,0.6082538615942483
5292,163 Street & 96A Avenue,53.533678,-113.60285,1.4264971692601418
7885,37 Street & 132 Avenue,53.593056,-113.397512,0.9600613147713108
5528,142 Street & McQueen Road,53.556166,-113.566688,1.1981655935795257
5358,163 Street & 97 Avenue,53.534861,-113.602645,1.5284863329662373
77126,55 Street & 167 Avenue,53.628697,-113.418796,0.5043999574053945
3632,85 Street & 23 Avenue,53.451803,-113.459343,1.7071579942548394
5676,173 Street & 69 Avenue,53.504153,-113.62435,0.12206925117159616
2094,59 Street & 106 Avenue,53.549712,-113.426364,1.141802416024758
A0298,Neil Ross Rd & Costco,53.672439,-113.636913,10.153996199075252
3823,50 Street & 19 Avenue,53.449779,-113.419513,1.1717687223501905
4864,111 Street & 12 Avenue,53.443481,-113.517401,4.103095030208902
ODT-5747,Wolf Willow Road & Wolf Willow Crescent N Ent,53.504544,-113.598717,1.8172605091952514
4186,111 Street & 40 Avenue,53.476718,-113.516093,0.8523943334857991
6708,138 Street & 167 Avenue,53.62836,-113.559532,3.167254788059709
7758,40 Street & Hermitage Road,53.58682,-113.407652,1.6582096948858278
55093,149 Street & 104 Avenue,53.546021,-113.578187,2.5483761767011823
A0210,North Ridge Dr & Northstar Cl,53.655708,-113.666027,10.837200794191077
9685,McMullen Green & MacEwan Road SW,53.429318,-113.518073,2.7544923248637243
4095,119 Street & Westbrook Drive,53.461858,-113.538996,3.03512493974598
3437,48 Street & 32 Avenue,53.463489,-113.415634,1.5335904550241026
ODT-6639,159 Street & 132 Avenue,53.592117,-113.599114,3.761676378936012
99101,52 Street & 22 Avenue SW,53.414047,-113.421844,4.682054700676305
6537,105 Street & 132 Avenue,53.591996,-113.500028,2.8085129031726974
9526,Windermere Road & Windermere Wynd,53.446189,-113.614525,3.206443270190141
S8812,Strathmoor Dr,53.564494,-113.32625,4.333318132713007
7264,94 Ozerna Road,53.618088,-113.451572,1.6756506152477952
2507,112 Street & 51 Avenue,53.488357,-113.520119,1.449976356780379
3575,85 Street & Richfield Road,53.471184,-113.460403,2.4608412448934804
2215,Southgate Transit Centre Bay O,53.485971,-113.516213,1.0794257380720629
5893,149 Street & 111 Avenue,53.558784,-113.576426,1.5941205056248964
2527,93 Street & 82 Avenue,53.517925,-113.469605,0.9197820914218361
7071,59A Street & 162B Avenue,53.625168,-113.429276,1.230024699359022
E217,,53.545236,-113.489298,0.1966695270647391
2727,109 Street & 68 Avenue,53.504461,-113.512186,1.9330754973433333
2886,109 Street & 72 Avenue,53.508774,-113.511853,1.5239304786140577
5053,163 Street & 118 Avenue,53.570564,-113.603413,3.3691283457735
A0054,Kingsway Dr & Kingswood Dr,53.650695,-113.591376,6.291682453286134
5377,178 Street & 95 Avenue,53.527993,-113.63047,2.4969171401514085
9796,Windermere Road & Whitelaw Gate,53.443997,-113.613151,3.343978743212249
5247,142 Street & 107 Avenue,53.549644,-113.565895,1.761342172158017
1431,82 Street & 122 Avenue,53.576962,-113.467183,1.6291683578124052
7163,94 Street & 144 Avenue,53.606712,-113.484813,2.333240882590206
5427,153 Street & 107 Avenue,53.551118,-113.585571,2.5284862282541845
9468,50 Street & Ellerslie Road SW,53.424035,-113.41826,3.6561716913510116
4539,Ryan Place & Rabbit Hill Road,53.468937,-113.584074,0.06371809671101418
4987,Haddow Drive & Haliburton Road S,53.454839,-113.598043,1.7817936702878454
3089,66 Street & 27 Avenue,53.456637,-113.434188,0.13330644868117483
3893,66 Street & 23 Avenue,53.452667,-113.435003,0.3119041931420071
3567,38 Street & 26 Avenue,53.456256,-113.398951,1.9023310200773862
2291,50 Street & 98 Avenue,53.539089,-113.418801,0.8985658828967096
6272,St Albert Trail & 128 Avenue,53.585088,-113.560761,1.359498987086327
23556,Gateway Boulevard & 80 Avenue,53.515943,-113.494487,0.43843081724120353
2821,104 Street & 82 Avenue,53.51767,-113.49774,0.19945659142288147
9047,Rutherford Road & Rutherford Way SW,53.41736,-113.535987,1.1046054604572084
22735,109 Street & 78 Avenue,53.514532,-113.511858,1.0999504775183924
1514,102 Street Stop,53.543192,-113.49521,0.36849535490991076
8308,170 Street & 118 Avenue nearside,53.57034,-113.617109,4.253834538726657
2157,92 Street & 90 Avenue,53.525136,-113.468408,0.6260015092019835
S9228,Foxboro Dr & Regency Dr,53.522323,-113.253884,10.575683013903948
A0923,Gervais Road & Goodridge Drive,53.617891,-113.613684,5.618656312071563
L0155,46 Street & Allard Way,53.294236,-113.537426,12.603252731443783
2591,79 Street & 106 Avenue,53.548954,-113.449368,1.5047955287599806
S8604,Bison Wy & Bethel Wy,53.550277,-113.298497,6.546662729510511
5264,151 Street & 107 Avenue,53.550968,-113.581168,2.3020536058268934
7324,89A Street & 150 Avenue,53.610969,-113.478871,2.345604142557831
S9224,Regency Dr & Ridgeland Cr,53.517477,-113.252279,10.296602480451321
5038,142 Street & 80 Avenue,53.515277,-113.5658,1.8560759353690617
A0983,Erin Ridge Dr & Eastwood Pl,53.66141,-113.627483,8.92177826008997
7129,87 Street & 149A Avenue,53.610464,-113.472039,1.9063326073174287
5464,137 Street & 115 Avenue,53.565166,-113.557514,0.2883096846985721
2222,81 Street & 82 Avenue,53.517978,-113.451683,0.7991172814739631
F3007,99 Avenue and 100 Street NB,53.708435,-113.216,15.711743519814341
3019,31A Street & 34B Avenue,53.466481,-113.388451,1.561343227541691
7651,Ozerna Road & 159 Avenue,53.621226,-113.447863,1.9852341177656838
5211,135 Street & Coronation Road Bay I,53.559978,-113.555618,0.43618754851523855
55387,165 Street & 99 Avenue,53.537735,-113.605858,1.9126834615578499
QGRN,Grey Nuns Stop,53.46302,-113.434653,0.843287646137411
7573,55 Street & 129 Avenue,53.587677,-113.425637,2.190207364648831
ODT-88364,Erlanger Drive & Edgemont Boulevard,53.468531,-113.683788,5.482628743404825
4512,Magrath Boulevard & MacNeil Way,53.44517,-113.555312,3.2021954436765854
E287,Quarters Stop East Entrance,53.544537,-113.48321,0.4441883729549534
2472,96 Street & 68 Avenue,53.504682,-113.476524,2.1531665474338273
6846,131 Street & 165 Avenue,53.626854,-113.550333,2.5502382096252196
S7536,Still Creek Cres & Sandstone Blvd,53.562447,-113.250891,9.308988790532855
22072,75 Street & 68 Avenue,53.503497,-113.441402,2.525851232666305
ODT-66467,142 Street & 157 Avenue,53.617099,-113.570429,3.493474054745414
2501,Groat Road & Mayfair Golf Country Club,53.532785,-113.539444,3.1537209454711808
2347,93 Street & 51 Avenue,53.488033,-113.469702,2.4750621750612565
5186,169 Street & 87 Avenue,53.51941,-113.611798,1.4814386034799236
3297,91 Street & 34 Avenue,53.465176,-113.464897,2.298189051395007
5256,139 Street & 116 Avenue,53.568624,-113.561312,0.7328679363312327
7387,58 Street & 129 Avenue,53.587686,-113.429864,2.0448528973389486
8070,213 Street & Webber Greens Drive,53.527916,-113.686551,1.365099502629992
9690,MacEwan Road & McPhadden Way SW,53.42525,-113.534635,1.9872941344186572
9482,MacEwan Road & Melrose Crescent SW,53.429774,-113.536377,2.4824568142181653
3035,88 Street & Knottwood Road S,53.443173,-113.462126,2.294235396479486
3349,Mill Woods Road E & 23 Avenue,53.456058,-113.408898,1.6940772427147395
S8004,Baseline Rd & Broadview Dr,53.541389,-113.315951,5.981436817791353
4557,108 Street & 36A Avenue,53.471083,-113.508391,0.9772300993538147
E53,101 Street & Jasper Avenue South,53.540656,-113.493807,0.3973098997994592
2855,99 Street & 66 Avenue,53.503144,-113.486078,1.9666709229496189
8035,184 Street & 104 Avenue,53.546918,-113.639687,3.18809455936028
L0360,36 Avenue & 9 Street,53.383321,-113.51175,3.1904992133166394
8165,170 Street & 118 Avenue,53.570223,-113.615084,4.119450525203428
1375,42 Street & 114 Avenue,53.566841,-113.406716,1.1977272591506947
1322,103 Street & Jasper Avenue,53.540832,-113.49644,0.5242419540381286
2667,109 Street & 65 Avenue,53.50203,-113.512594,2.183258246092195
ODT-1633,68 Street & 121 Avenue,53.575059,-113.446319,0.5055379264882321
2254,83 Street & 73 Avenue,53.508915,-113.455326,1.6458038921530675
1449,46 Street & 121 Avenue,53.575036,-113.411831,1.4597900628324079
9409,Washburn Drive & Warry Link SW,53.437377,-113.624116,4.370470064825191
A0849,Oakland Way & Oakridge Dr N,53.661779,-113.612826,8.169521244640356
ODT-8675,213 Street & Hope Road,53.486531,-113.68539,4.283924564812382
A0687,Oakmont Dr & Bellerose Dr,53.656103,-113.614124,7.859446391888734
88158,Granville Drive & Goodridge Link,53.509546,-113.679998,1.7640507833378576
33352,66 Street & 38 Avenue,53.474484,-113.438536,2.1368826506814016
9671,Summerside Drive & Ellerslie Road SW,53.424516,-113.46302,3.933316448042873
9788,James Mowatt Trail & Ellerslie Road SW,53.423453,-113.516674,2.2562032691711
2745,109 Street & 65 Avenue,53.502333,-113.511834,2.1303459194500634
1041,Wayne Gretzky Drive S & 112 Avenue,53.562851,-113.447559,0.8761286144737286
A0315,Arlington Dr & Abbey Cres,53.62938,-113.591945,5.209443182964244
3497,Parsons Road & 34 Avenue,53.467135,-113.486245,1.8162319340025694
4297,Tomlinson Way & Towne Centre Boulevard,53.45323,-113.582636,1.6893751763479954
1053,Kingsway & 111 Avenue,53.559039,-113.505075,1.457852630467716
2808,Bonnie Doon Mall South Entrance,53.518767,-113.457225,0.5461958158319635
1888,127 Street & 114 Avenue,53.563602,-113.542132,0.7775649680824807
4327,114 Street & 40 Avenue,53.475789,-113.525439,1.4739003068958234
1184,90 Street & Jasper Avenue,53.551334,-113.473186,1.3992012558419122
A0153,Larose Dr & Lawrence Cr,53.644397,-113.64085,8.815080358234004
5865,179 Street & 57 Avenue,53.493538,-113.630553,1.1769785083766486
A0501,Dorchester Dr & Deer Ridge Dr,53.653953,-113.657552,10.246142918897213
3273,92 Street & 34 Avenue,53.465168,-113.469659,2.5810948996812875
77860,37 Street & 154 Avenue,53.61506,-113.39952,1.5384524481176807
S7103,Baseline Rd & Glenbrook Blvd,53.541024,-113.285186,7.769598561405973
3605,12 Street & Tamarack Green,53.469915,-113.359252,1.5670575043392188
22195,36 Street & Roper Road,53.495565,-113.398029,4.616656575417198
S1001,Sherwood Dr & Granada Blvd,53.528987,-113.295422,7.8925737034366765
1824,108 Street & 104 Avenue,53.54612,-113.505906,1.1153864446224406
3483,99 Street & 36 Avenue,53.470153,-113.486191,1.580034178384643
1499,Wayne Gretzky Drive N & 112 Avenue,53.563227,-113.445956,0.8205647088990217
L0116,Bridgeport Crossing & Bridgeport Boulevard,53.268476,-113.574619,15.665741055590091
3251,99 Street & 42 Avenue,53.478442,-113.486244,1.192648759757384
6857,148 Street & 128 Avenue,53.58528,-113.575071,2.2425922571513106
1369,101 Street & 114 Avenue,53.564025,-113.493805,0.5279040847858829
1092,87 Street & Jasper Avenue,53.553211,-113.472458,1.5729646553027015
7172,94 Street & 143 Avenue,53.605028,-113.485525,2.378971646057139
ODT-3839,Tamarack Boulevard & 30 Avenue,53.460555,-113.364693,0.5085253166656359
5790,184 Street & 66 Avenue,53.500965,-113.639572,0.9485173608009919
7944,Londonderry Mall South Entrance,53.601265,-113.447683,0.27216217965783535
77254,89 Street & 180 Avenue,53.641716,-113.474927,3.9967929850049275
A0332,Riverside Dr & Robin Way,53.630403,-113.651197,8.46114462263732
7188,72 Street & 144 Avenue,53.606062,-113.451321,0.4693738107222388
8538,184 Street & 104 Avenue,53.54616,-113.640024,3.106396553055679
7605,87 Street & 137 Avenue,53.599443,-113.474148,1.929871015784473
77348,59A Street & 165 Avenue,53.627007,-113.430294,1.262307767289804
1554,101 Street & 107A Avenue,53.551943,-113.493581,0.9765468178245849
6239,102 Street & 176 Avenue,53.63925,-113.499747,2.845588043602439
5943,188 Street & 74 Avenue,53.509066,-113.648537,1.6026854716100294
6226,St Albert Trail & 131 Avenue,53.591406,-113.5661,1.5745200470560428
1231,82 Street & 118 Avenue,53.570438,-113.468047,1.3353336970172731
1534,91 Street & 122 Avenue,53.576557,-113.480843,1.1792062438854123
2065,87 Street & 82 Avenue,53.51797,-113.46089,0.6241004688748479
6451,148 Street & 128 Avenue,53.585275,-113.574193,2.1866468277603004
77661,Crystallina Nera Way & Crystallina Nera Drive,53.639156,-113.455739,3.195002870960353
7428,64 Street & 144 Avenue,53.604956,-113.440604,0.38219882630609187
A0540,Nakî Transit Station and Park and Ride,53.615613,-113.592792,4.352514004615291
1964,107 Street & Jasper Avenue,53.540394,-113.504854,1.058055510639893
5730,180 Street & 98 Avenue,53.533836,-113.63174,2.627468665753484
9198,119A Street & 22 Avenue SW,53.411101,-113.534761,0.44415627534394514
8453,Suder Greens Drive & 88 Avenue,53.52222,-113.675822,0.5791396309472797
5269,135 Street & 109 Avenue,53.554108,-113.555616,1.0799919172116776
6099,115 Street & 172 Avenue,53.634846,-113.52329,2.1720707820303136
1560,103 Street & 122 Avenue,53.576661,-113.49699,1.2896205286744489
8218,184 Street & 118 Avenue nearside,53.568558,-113.638525,5.367612317335764
6079,115 Street & Dunluce Road,53.62581,-113.522755,1.1921867052341346
8418,178 Street & 116 Avenue,53.565035,-113.62743,4.876429503961631
99004,182 Street & Keswick Way SW,53.414721,-113.63654,6.630507935896526
3744,92 Street & 39 Avenue,53.474039,-113.469557,2.3736955654467753
L0211,50 Street & 61 Avenue,53.27396,-113.549363,14.880548000660943
1339,90 Street & 122 Avenue,53.576675,-113.480203,1.2070665876485576
7840,Miller Boulevard & 151A Avenue,53.613439,-113.411084,1.4848821385096433
22081,97 Street & 63 Avenue,53.499953,-113.479918,2.4634755530278265
1034,Fort Road & Mount Lawn Road,53.57558,-113.459709,1.1192316334610768
7299,85 Street & 132 Avenue,53.592117,-113.470372,2.0584464773842805
3410,96 Street & 28 Avenue,53.45875,-113.478085,2.883700612740174
2716,Bonnie Doon Stop,53.519056,-113.455496,0.5579444307186188
4331,119 Street & 40 Avenue,53.476826,-113.53851,2.302223146324777
S9025,Nottingham Blvd & Nottingham Wy,53.514893,-113.275194,8.984949300549742
3061,Knottwood Road E & Mill Woods Road S,53.445615,-113.442231,1.2119821335209577
1156,32 Street & 118 Avenue,53.57024,-113.390784,0.1576348387527162
4144,111 Street & 40 Avenue,53.475894,-113.517577,0.9786875718160211
ODT-8454,215 Street & 115 Avenue,53.565487,-113.68914,4.8921421978618485
S5078,Haythorne Rd & Parker Dr,53.530187,-113.326093,6.288189538292797
1190,McDougall Hill & Grierson Hill,53.538545,-113.490588,0.5223800125320935
A0679,Langholm Dr & Lennox Dr,53.647694,-113.632348,8.440915739456658
99040,66 Street & 25 Avenue SW,53.410526,-113.443259,5.033912807194377
9274,Chappelle Boulevard & 28 Avenue SW,53.409969,-113.570621,2.215394110505743
7296,70 Street & Delwood Road,53.596799,-113.449658,0.7816479005630995
5816,182 Street & 87 Avenue,53.521693,-113.638119,1.949262814497955
22185,45 Street & Roper Road,53.495596,-113.410896,4.471276488969593
A0366,Levasseur Road & Sir Winston Churchill Avenue,53.614366,-113.637992,6.864212866098791
E18,Tix on the Square LRT Access,53.543701,-113.490473,0.05832773601838075
4296,Magrath View & Magrath Boulevard,53.450174,-113.556339,2.7260949128449834
5652,184 Street & 76A Avenue,53.509911,-113.641575,1.2348145235382166
5018,184 Street & Lessard Road,53.484496,-113.646292,2.530260150148262
6252,137 Street & 135 Avenue,53.596222,-113.557244,1.171970843104791
2124,96 Street & 82 Avenue,53.517911,-113.475994,1.265930168146259
9305,175 Street & Hiller Road SW,53.421595,-113.621368,5.776661115664727
A0885,Pineview Dr & Page Dr,53.639283,-113.584205,5.1820955048764805
ODT-9084,Bowman Point & Blackmud Creek Crescent SW,53.417925,-113.509955,2.1732374536347843
77448,Schonsee Drive & 173 Avenue,53.633944,-113.462106,3.4281882952175002
8917,176 Street & 107 Avenue,53.553351,-113.624918,4.059404893037754
5170,163 Street & 109 Avenue,53.553654,-113.601836,3.3719046074745944
E272,Millwoods Stop East Entrance,53.458516,-113.429645,0.4644956667724117
7051,50 Street & 140 Avenue,53.603507,-113.418636,1.1432304851887876
6179,127 Street & 142 Avenue,53.604542,-113.54105,1.5636103192105577
4938,Leger Road & 23 Avenue,53.455821,-113.582752,1.4009626951625946
1046,34 Street & Abbottsfield Road,53.575033,-113.392891,0.4075088513259256
66320,Griesbach Road & Sir Arthur Currie Way,53.609677,-113.508194,0.875589229199706
7074,81 Street & 135 Avenue,53.596816,-113.465936,1.524180456763921
7658,30 Street & Kirkness Road,53.610793,-113.386234,1.474195890946335
6394,148 Street & 129 Avenue,53.58723,-113.574409,2.1529659898079587
7236,80 Street & 149A Avenue,53.610473,-113.464238,1.4516024016567894
28355,106 Street & 51 Avenue,53.48868,-113.504264,1.023281669494194
4120,442 Burton Road West,53.477746,-113.571122,1.337346578788377
7439,50 Street & 140 Avenue,53.604086,-113.418429,1.1455686707785553
6605,163 Street & 137 Avenue,53.599263,-113.60167,4.045282083491216
7693,91 Street & 167 Avenue,53.628577,-113.4809,2.762805177678612
S6059,Fir St & Ash St,53.514241,-113.315539,7.289270804220632
6310,Eaux Claires Transit Centre Bay J,53.618119,-113.489327,1.8263973434199863
S1084,Georgian Way & Garnet Road,53.534829,-113.290227,7.809943840124473
ODT-9477,Hays Ridge Boulevard & Howatt Drive SW,53.418169,-113.574676,2.7392386743921713
ODT-33343,17 Street & Aster Boulevard,53.450872,-113.36903,0.7433867875597013
3853,Mill Woods Road & 23 Avenue,53.45322,-113.446901,0.8678630012795322
3321,Mill Woods Road E & 29 Avenue,53.460392,-113.406444,1.9355883909933942
6304,Eaux Claires Transit Centre Bay D,53.618023,-113.490503,1.7478494417362083
5769,178 Street & 100 Avenue,53.536919,-113.627691,2.904755107486467
1120,99 Street & Jasper Avenue,53.541691,-113.487223,0.23073165409929922
3141,50 Street & Mill Woods Road S,53.445863,-113.418167,1.515703045610061
7534,Ozerna Road & 159 Avenue,53.620245,-113.44833,1.878856399712942
6339,97 Street & 132 Avenue,53.591721,-113.492199,2.8095906288846204
2297,87 Street & 51 Avenue,53.488183,-113.457632,3.2344499709914785
L0328,5 Street & 30 Avenue,53.366282,-113.526099,4.64814972685711
6287,137 Street & 132 Avenue,53.59276,-113.556889,0.9933912551052156
1619,106 Street & Jasper Avenue,53.541019,-113.504,0.984670460875947
6118,170 Street & 137 Avenue,53.5985,-113.615294,4.909570710140698
7548,59 Street & McLeod Road,53.611293,-113.43158,1.2840027814695334
5060,167 Street & Stony Plain Road,53.541423,-113.609859,2.4013823107925227
7859,Hermitage Road & 128 Avenue,53.588677,-113.409524,1.4960065367421365
Q2812,Bay Enterprise Square,53.54096,-113.498206,0.6223369978047759
S1013,Sherwood Dr & Baseline Rd,53.539534,-113.295845,7.22225581539773
6149,121 Street & 159 Avenue,53.620458,-113.53348,1.232508128755889
5083,Groat Road & 118 Avenue,53.569012,-113.549548,0.6511881828198994
3978,29 Street & 14 Avenue,53.440701,-113.382386,2.0326569438041004
1274,53 Street & 118 Avenue,53.570414,-113.423534,1.4255315684061265
2237,67 Street & 101 Avenue,53.541091,-113.432165,0.11363966912741061
7832,Cherry Grove Place & 160 Avenue,53.620851,-113.465884,2.3514424798275786
5499,149 Street & 87 Avenue,53.518943,-113.578091,0.9453592833454392
A0360,Levasseur Road & Grandin Road,53.614309,-113.620094,5.786825704204338
1831,124 Street & 106 Avenue,53.550019,-113.535796,1.9419205853495223
1652,106 Street & 107 Avenue,53.551484,-113.503704,1.2876142423130648
S5023,Main Blvd & Marion Dr,53.537204,-113.308873,6.632655365404844
F6000,Dow Centennial Centre Park & Ride,53.682679,-113.237788,12.988114900291865
5628,178 Street & 81 Avenue,53.514315,-113.63025,1.2058164715300252
2485,17 Street & 76 Avenue,53.512246,-113.370625,5.127866474239222
7584,66 Street & 153 Avenue,53.615183,-113.443037,1.3203825363591482
1304,Government Transit Centre Bay D,53.536019,-113.504487,1.2698129319675353
A0243,Sturgeon Rd & Burns St,53.637075,-113.619662,7.21844267714808
A0633,Bellerose Dr & Evergreen Dr,53.651554,-113.616505,7.716126272593051
3763,32 Street & 23 Avenue,53.454041,-113.38703,1.1706185360468357
S6109,Alder Av & Greenwood Wy,53.515924,-113.294308,8.232996659219417
6282,121 Street & 143A Avenue,53.606133,-113.529107,1.3504832330521983
3383,Mill Woods Road E & 36 Avenue,53.466747,-113.408654,2.121773828991482
6871,127 Street & Newcastle Centre Access,53.630913,-113.541019,2.3359933836490603
ODT-4628,Riverbend Road & Heath Road,53.461367,-113.60055,1.361533669598608
S7508,Summerwood Blvd & Clover Bar Rd,53.559946,-113.272169,7.9503727240528885
F2005,94 Avenue and 84 Street EB,53.688716,-113.238489,13.275914482848018
7742,Hermitage Road & 128 Avenue,53.588216,-113.409263,1.5386396917811869
1237,101 Street & 117 Avenue,53.569217,-113.493554,0.5098919151545024
9342,Orchards Boulevard & Orchards Drive SW,53.407166,-113.464125,4.8844209657664015
1461,96 Street & 118 Avenue,53.570453,-113.490893,0.48929919159668084
3052,80 Street & Mill Woods Road S,53.446097,-113.451142,1.5239664783377624
5306,142 Street & 115 Avenue,53.564974,-113.565951,0.8122480738403884
77634,71 Street & 170A Avenue,53.63192,-113.451577,2.702504806118435
1085,40 Street & 118 Avenue,53.570302,-113.40243,0.8017002063667373
5373,163 Street & 104 Avenue,53.546722,-113.602517,2.735667993323443
7289,42 Street & 137 Avenue,53.598081,-113.406437,0.4733058583139892
A0535,Nakî Transit Station and Park and Ride,53.615453,-113.592517,4.32712988938126
88157,Gallinger Loop & Granville Drive,53.5087,-113.682318,1.9221949539360523
3947,23 Street & Silver Berry Road,53.463933,-113.375612,0.7953800737228829
E151,Stadium Transit Centre,53.55991,-113.471229,1.2960487333445523
77062,77 Street & Crystallina Nera Way,53.642635,-113.460801,3.6613613462258168
1947,St Albert Trail & 119 Avenue,53.572189,-113.550164,0.9701101843100418
88104,199 Street & Edgemont Boulevard,53.468935,-113.66434,4.635025845863942
5044,144 Street & 80 Avenue,53.514684,-113.568601,1.7304352388735997
5098,135 Street & 111 Avenue,53.558736,-113.554884,0.5627256837152481
6520,Castle Downs Road & 157 Avenue,53.619373,-113.519056,0.43542476259559737
9072,Glenridding Gate & 10 Avenue SW,53.424612,-113.596669,4.367715006821734
4045,Bulyea Road & Burton Road S,53.474873,-113.571585,1.0837391123488291
5980,177 Street & 69 Avenue,53.50353,-113.627783,0.11650116788265437
5218,West Edmonton Mall Transit Centre Bay D,53.525139,-113.622021,2.1079462812770977
6165,105 Street & 129 Avenue,53.587335,-113.500697,2.4698132758009277
22671,97 Street & 58 Avenue,53.493857,-113.478605,2.329636366061145
ODT-4461,Rabbit Hill Road Loop,53.475138,-113.600074,1.3174174612408822
2242,96A Street & 98 Avenue,53.537834,-113.475948,1.0848065136118696
5362,143 Street & 112 Avenue,53.560423,-113.567007,0.9465546446501728
3314,102 Street & 15 Avenue,53.442688,-113.491803,4.07073069166972
4659,Rabbit Hill Road & Tory Gate,53.451256,-113.565381,2.264920713247835
5561,142 Street & 89 Avenue,53.520938,-113.565819,1.6500699267890768
S8108,Bethel Dr & Bethel Wy,53.545927,-113.302941,6.472586028366903
77436,50 Street & 167 Avenue,53.628243,-113.411979,0.05728865647516213
1567,109 Street & 97 Avenue,53.533828,-113.508935,1.6524766232656831
6355,114 Street & 139 Avenue,53.601958,-113.518006,1.5361045531436432
5552,163 Street & 100 Avenue,53.53949,-113.602595,1.9825568964384541
ODT-5921,Wolf Willow Road & Willow Way S Ent,53.503985,-113.598577,1.8246778372947752
9678,Stanton Drive & 14 Avenue SW,53.421644,-113.454021,3.981845203610004
6329,133 Street & 155 Avenue,53.616845,-113.552657,2.3871477600782867
9133,119 Street & MacEwan Road SW,53.428673,-113.528001,2.442937293129792
9570,Blackmud Creek Drive & Ellerslie Road SW,53.424679,-113.508394,2.7252454038379548
6082,115 Street & Dunluce Road,53.626391,-113.523382,1.2672142393401378
6618,127 Street & 142 Avenue,53.604253,-113.538891,1.5462467300560905
5929,159 Street & 83 Avenue,53.517289,-113.596587,0.7778259092508061
7185,72 Street & 144 Avenue,53.606237,-113.450708,0.4516214772851482
A0019,Gainsborough Ave & Grenfell Ave,53.616549,-113.634276,6.738738810027847
6417,159 Street & 137 Avenue,53.599285,-113.596359,3.705583752061472
6717,139 Street & 164 Avenue,53.625125,-113.560923,3.111429969278648
F4007,101 Street and 86 Avenue NB,53.698863,-113.203377,15.848704445837145
1126,97 Street & 120 Avenue,53.573919,-113.492069,0.8711046616085453
ODT-88362,Edgemont Link & Edgemont Boulevard,53.468269,-113.680816,5.3680703038332265
6758,139 Street & 148 Avenue,53.610186,-113.561013,2.5132881422434665
1425,106 Street & 97 Avenue,53.534167,-113.502267,1.3098705008984048
2749,114 Street & 87 Avenue,53.522997,-113.526634,1.9734502363638966
5625,188 Street & 77 Avenue,53.510119,-113.647511,1.5881269116801262
8047,184 Street & Stony Plain Road,53.541415,-113.640633,2.668208114961895
4007,Terwillegar Common & Terwillegar Boulevard,53.444474,-113.58069,2.6700395564747414
9734,125 Street & 20 Avenue SW,53.414004,-113.53921,0.7342363628645882
A0523,Harwood Dr & Huntington Cres,53.607634,-113.634107,6.365289559083047
3858,24 Street & 23 Avenue,53.454009,-113.377275,0.6003045264230151
2919,50 Street & 93 Avenue,53.529943,-113.418793,1.4377991902041025
QBLA,NAIT-Blatchford Market Station,53.566634,-113.508774,1.4311020371585494
7136,62 Street & 132 Avenue,53.592319,-113.437189,1.361305264579114
2021,77 Street & 101 Avenue,53.541282,-113.446389,0.9467316792459631
7401,37 Street & 139 Avenue,53.602352,-113.399497,0.1904701570717484
8684,172 Street & 103 Avenue,53.54523,-113.617405,3.033765872229041
9176,Wright Drive  & Washburn Drive SW,53.429778,-113.622283,5.0018456489821
A0747,Heritage Dr & Hardcastle Pl,53.607594,-113.62718,5.927881828472621
6835,137 Street & 155 Avenue,53.61639,-113.55785,2.7285980775576113
3513,Parsons Road & 13 Avenue,53.441336,-113.484671,3.6918988782997584
3190,50 Street & 23 Avenue,53.454559,-113.422887,0.7697893963359117
S7513,Summerwood Blvd & Summercourt Rd,53.559345,-113.260742,8.70846536191509
7444,50 Street & 137 Avenue,53.596888,-113.41141,0.8054429323301234
4196,Calgary Trail SB & 23 Avenue,53.454144,-113.496844,2.861568331976762
L0343,37 Avenue & Spine Road,53.386682,-113.501598,3.329138591726517
3739,97 Street & 37 Avenue,53.471862,-113.479525,1.8404613677170665
7908,West Clareview Transit Centre Bay C,53.602555,-113.41203,0.69344348593647
3416,21 Street & 37A Avenue,53.472602,-113.373526,1.6934193426389765
E106,103 Street & Jasper Avenue North,53.541216,-113.497306,0.5562578470992307
1860,109 Street & Princess Elizabeth Avenue,53.565563,-113.505388,1.2128774440687906
4433,119 Street & Fairway Drive,53.472877,-113.53856,2.401933992086027
5273,178 Street & 98 Avenue,53.532954,-113.629554,2.719012954341132
1736,109 Street & 109 Avenue,53.554868,-113.508281,1.7682782641312602
22230,58 Street & 90 Avenue,53.523528,-113.424598,1.9099134577846628
77627,37 Street & 158 Avenue,53.618214,-113.398054,1.3919384290634436
22729,99 Street & 79 Avenue,53.515425,-113.485948,0.8867430127108316
A0305,Corriveau Ave & Carnegie Dr,53.6424,-113.576649,4.9570078907617745
4384,106 Street & 34 Avenue,53.467252,-113.504016,1.361614432859547
A0785,Larose Dr & Larson Ave,53.648291,-113.643341,9.131682718502542
6702,156 Street & 128 Avenue,53.5848,-113.589361,3.176248481341742
9778,James Mowatt Trail & 26 Avenue SW,53.407112,-113.53387,0.24938336061311936
6089,Dunluce Road & 161 Avenue,53.623845,-113.537843,1.6686473489579143
2723,102 Street & 82 Avenue,53.518162,-113.494243,0.2584824256606036
1607,Princess Elizabeth Av & Kingsway,53.563127,-113.513534,1.7901326173248435
9119,88 Street & 20 Avenue SW,53.415208,-113.467193,4.758199792945555
8084,211 Street & Webber Greens Drive,53.528564,-113.682259,1.1384152995345487
6681,Castle Downs Road & 137 Avenue,53.599663,-113.517565,1.7899057594725765
3760,99 Street & 20 Avenue,53.449213,-113.485954,3.495750790354551
3673,Parsons Road & 19 Avenue,53.447613,-113.480628,3.1937352220481157
99061,Glenridding Ravine Drive & Rabbit Hill Road SW,53.410495,-113.608346,4.718692750888775
4387,108 Street & 11 Avenue,53.442009,-113.503822,4.171058731450773
S8844,Sherwood Dr at Amberley Wy,53.5619,-113.295001,6.422363409542708
9560,Armour Bend & Ellerslie Road SW,53.422013,-113.608065,4.958636061750558
ODT-2471,Ottewell Road & 92 Avenue,53.526752,-113.429576,1.492987382953607
9632,172 Street & Washburn Drive SW,53.428743,-113.618073,4.96676696767883
A0049,Gainsborough Ave & SWC Ave,53.615942,-113.63806,6.937935545071806
1669,124 Street & 118 Avenue,53.5704,-113.53672,1.3553998700580074
2795,112 Street & 65 Avenue,53.502325,-113.519902,2.4181984991535237
3469,66 Street & 41 Avenue,53.478224,-113.441853,2.5833462345416223
A0821,Langholm Dr & Laval Dr,53.650825,-113.634114,8.69754277032968
S8202,Bethel Transit Terminal,53.542762,-113.307118,6.395351982446454
2573,96 Street & 66 Avenue,53.50327,-113.476335,2.283130072957406
2480,62 Street & 106 Avenue,53.54943,-113.428959,1.064242375793571
4652,Lambert Court & Leger Way,53.455583,-113.572973,1.5959709734915823
4452,Saddleback Road & 23 Avenue,53.454809,-113.52565,3.0962654709578854
8122,170 Street & 117 Avenue,53.566879,-113.615536,4.100943932625136
9111,Watt Promenade & Watt Boulevard SW,53.419774,-113.429837,3.9814144145297665
E158,Kingsway Station South Access,53.557222,-113.500078,1.3539715581091927
2178,96 Street & 69 Avenue,53.505918,-113.476342,2.058238525251133
F2008,99 Avenue and 84 Street SB,53.695807,-113.24371,13.40754888134037
5877,172 Street & 69 Avenue,53.504519,-113.619053,0.47326417438697477
5911,184 Street & 76A Avenue,53.509367,-113.641496,1.1978889403291915
4693,Tomlinson Common & Tomlinson Way,53.45016,-113.584989,2.0309909728475195
7492,11 Street & 167 Avenue,53.628569,-113.359831,3.404448464531367
2046,50 Street & 104A Avenue,53.547694,-113.418348,1.2528022462839954
ODT-2804,Girard Road & 76 Avenue,53.512057,-113.434598,2.079480996322609
2775,50 Street & 92 Avenue,53.526113,-113.418847,1.7898796936591634
4450,106 Street & 32A Avenue,53.46539,-113.504408,1.568942183000362
3120,93 Street & 34 Avenue,53.46614,-113.475408,2.4169574008873806
E6,Winspear Centre LRT Access,53.543685,-113.488361,0.089817396428344
5196,139 Street & 118 Avenue,53.570637,-113.561308,0.9109386331428011
4691,Riverbend Road & Henderson Street,53.469833,-113.595689,0.8076156559446229
4634,Rec Centre North Entrance & Leger Road,53.458917,-113.580885,1.072014446919997
S4201,Ordze Transit Centre,53.513487,-113.330826,6.761730855841296
7209,Belvedere Transit Centre Bay I,53.58807,-113.43477,1.8586146792264653
1804,100 Street & 102A Avenue,53.544455,-113.492598,0.22204307428413733
2674,109 Street & 57 Avenue,53.49426,-113.511948,1.7243724707307362
5119,168 Street & 118 Avenue,53.570588,-113.612957,3.988300815013456
77279,47 Street & Brintnell Boulevard,53.619056,-113.412676,0.993082327500534
7150,94 Street & 149 Avenue,53.609639,-113.4853,2.181919531965618
2892,76 Street & 95 Avenue,53.53393,-113.444754,1.0742648217623036
5475,161 Street & 83 Avenue,53.516896,-113.600025,0.9507342428894222
L0149,Sparrow Crescent & Super 8 South,53.301833,-113.545233,11.768833920676121
3434,60 Street & Youville Drive W,53.463927,-113.431269,0.9663833562106362
8248,178 Street & 109 Avenue,53.556247,-113.627224,4.412110548661902
3095,66 Street & Mill Woods Road S,53.44607,-113.435971,1.048697193959571
7055,57 Street & McLeod Road EB,53.611293,-113.428452,1.4424593712356961
9094,Anderson Crescent E Ent & Anderson Way SW,53.427238,-113.607488,4.843981790042316
S6108,Alder Av & Ivy Cr,53.515311,-113.297835,8.036796192283887
4485,106 Street & 38 Avenue,53.473881,-113.504211,0.6238486577822578
7027,94 Street & 144 Avenue,53.605794,-113.48536,2.3470379358815343
4265,Twin Brooks Drive & 12 Avenue,53.444379,-113.527419,4.161705961303277
2911,57 Street & 76 Avenue,53.512363,-113.423535,2.6812551612538074
7720,Clareview Road E & 129 Avenue,53.587854,-113.378249,1.9788432577708066
S7519,Lakeland Drive & Cloverbar Road,53.556336,-113.274756,7.85889623045475
2090,91 Street & 66 Avenue,53.502948,-113.468386,2.3646500382639735
1594,101 Street & 115 Avenue,53.566031,-113.493597,0.431176292093619
7501,87 Street & 164 Avenue,53.62609,-113.475189,2.9746750761944445
5887,175 Street & 83 Avenue,53.516532,-113.623429,1.4311026786474224
6526,129 Street & 149 Avenue,53.611195,-113.543924,1.8755137247480822
3589,Millbourne Road E & 36A Avenue,53.471312,-113.443917,1.8761176488173552
3910,Mill Woods Transit Centre Bay J,53.457024,-113.430728,0.2995595952076874
2235,44A Street & 76 Avenue,53.512353,-113.409408,3.4369154943945124
1407,Stadium TC on 111 Avenue Bay F,53.55971,-113.470302,1.3591267242615133
8952,178 Street & 107 Avenue,53.552877,-113.627459,4.114283635525832
3339,91 Street & 28 Avenue,53.45872,-113.464921,2.0612266289352648
A0291,Forest Dr & Finch Cres,53.635177,-113.597868,5.793937663191827
A0693,Bellerose Dr & Ironwood Pt,53.648862,-113.619701,7.751169928887422
7269,30 Street & 139 Avenue,53.602863,-113.388687,0.8832774090339968
2379,50 Street & 98 Avenue,53.537699,-113.4193,0.8984915594957963
6827,139 Street & 164 Avenue,53.625639,-113.560692,3.1167885718937103
55088,144A Street & McQueen Road,53.553543,-113.571088,1.6107847174747332
6571,125 Street & 129 Avenue,53.587634,-113.538516,0.40977306917467476
2454,73 Street & 82 Avenue,53.517887,-113.439405,1.4646738841733373
7666,84 Street & 162 Avenue,53.623392,-113.472847,2.8538509288675153
7891,Hooper Crescent W Ent & Hooke Road,53.584609,-113.391894,1.44518799222317
A0214,North Ridge Dr & Natalia Way,53.654915,-113.671388,11.126708915962086
9832,Cunningham Way & Cunningham Drive SW,53.40732,-113.529911,0.5095954648773966
S8810,Strathmoor Dr & Broadmoor Blvd,53.565931,-113.322522,4.551146995582867
77136,87 Street & 179 Avenue,53.641102,-113.472815,4.046545086806794
5350,154 Street & 110 Avenue,53.55591,-113.586557,2.3357514388849463
1353,91 Street & 115 Avenue,53.565754,-113.480685,0.44147139646294986
1269,124 Street & 114 Avenue,53.563284,-113.536033,1.1826636728152278
2623,111 Street & 54 Avenue,53.490922,-113.516455,1.513323448709082
3109,85 Street & 23 Avenue,53.452012,-113.460357,1.7674882913582641
E248,,53.541071,-113.492636,0.31080390610889375
7157,72 Street & 147 Avenue,53.608591,-113.449292,0.6195097643476343
7565,55 Street & 144 Avenue,53.607516,-113.425581,1.412081833546206
9250,Edwards Drive & 8 Avenue SW,53.425776,-113.455563,3.5894981738355916
A0255,Woodlands Rd & Woodcrest Av,53.644303,-113.598194,6.2628244779577855
S8317,Jim Common Dr & Canyon Dr,53.550238,-113.288327,7.1801293116417995
7734,40 Street & 134 Avenue,53.59471,-113.401578,0.733782059648241
3045,Knottwood Road E & 12 Avenue,53.443022,-113.443702,1.5149698472921236
4508,Magrath Boulevard & McClung Crescent,53.445788,-113.553805,3.208059843353455
3026,Mill Woods Road & Knottwood Road N,53.448599,-113.450432,1.3106196196308517
S4006,Sherwood Dr & Fir St,53.514342,-113.319867,7.160026175924018
3972,Parsons Road & 13 Avenue,53.44078,-113.484333,3.698493577608488
A0031,Grandin Rd & Grandora Cres,53.62097,-113.619199,6.111729030150741
1728,106 Street & 96 Avenue,53.532651,-113.503003,1.4723738331439753
6004,Castle Downs Transit Centre Bay D,53.61633,-113.5164,0.0679331443735813
66015,Naden Landing & Sir Arthur Currie Way,53.604703,-113.507463,1.3697220304954045
A0972,St. Albert Centre Exchange,53.640458,-113.623647,7.595794723545869
7112,88 Street & 164 Avenue,53.626213,-113.478069,2.8056197360415083
3365,Mill Woods Road & Lakewood Road S,53.455579,-113.448234,0.9204417415604033
2151,83 Street & 106 Avenue,53.549248,-113.454983,1.8202342765619632
4588,106 Street & 36A Avenue,53.471252,-113.505026,0.9183780971345236
7247,55 Street & 129 Avenue,53.587556,-113.425597,2.1976524448371295
1852,129 Street & 107 Avenue,53.551051,-113.544994,1.531291196711978
2070,57 Street & 106 Avenue,53.550016,-113.424124,1.231040010250857
2589,106 Street & Whitemud Drive,53.482121,-113.505662,0.31055674182081966
5130,156 Street & 110 Avenue,53.556066,-113.590971,2.603569837928361
7466,31 Street & 139 Avenue,53.602888,-113.389959,0.8014958038786469
ODT-4033,143 Street & 60 Avenue,53.49768,-113.567111,3.235838959836491
7243,91 Street & 179 Avenue,53.641083,-113.478652,3.7779316042935593
S5115,Village Dr & Village Dr,53.515912,-113.322411,7.238971078237754
6865,135 Street & 165 Avenue,53.626823,-113.556038,2.8846580774432633
2832,99 Street & 60 Avenue,53.496228,-113.486052,2.2159885896968987
QDLM,DL Macdonald Platform,53.595147,-113.422148,1.5131505536801855
3307,102 Street & 19 Avenue,53.445935,-113.490753,3.8381930694910382
4069,Bulyea Road & Burton Road S,53.474691,-113.570701,1.1154022362005902
QBON,Bonnie Doon Stop,53.519699,-113.455351,0.5006023263066727
L0111,50 Street & 57 Avenue,53.27086,-113.551873,15.234624418872741
9604,Carson Way & Chappelle Way SW,53.401448,-113.583489,3.126966605721629
7330,Fort Road & 131 Avenue,53.590171,-113.433755,1.6768928364615492
2266,99 Street & 51 Avenue,53.488253,-113.487646,1.4657236151772464
4338,109 Street & 19 Avenue,53.448246,-113.508622,3.4896864029012757
5577,163 Street & 92 Avenue,53.524982,-113.60268,0.837569805636349
2696,106 Street & 62 Avenue,53.499141,-113.504335,2.1875467048827715
A0915,Gervais Rd & Grange Dr,53.619797,-113.611836,5.63613456520171
4270,119 Street & 40 Avenue,53.475893,-113.538845,2.3398011958953244
6611,139 Street & 148 Avenue,53.610934,-113.560846,2.5808679148879086
9803,Kostash Drive & Hiller Road SW,53.421248,-113.629513,6.063881602757742
99309,182 Street & Keswick Way SW,53.415866,-113.636334,6.633549799517464
A0069,St. Anne Street & Perron St,53.634805,-113.625693,7.396616371557957
3625,Parsons Road & 28 Avenue,53.457102,-113.480552,2.942166644232086
5152,156 Street & 111 Avenue,53.558672,-113.590532,2.4947304929918306
6260,102 Street & 137 Avenue,53.599645,-113.496342,2.2385352860174117
4239,106 Street & Whitemud Drive,53.479692,-113.50444,0.03114511763656869
S8851,Lakeland Dr & Sherwood Dr,53.554198,-113.294296,6.666533579782676
6532,148 Street & 137 Avenue,53.599247,-113.579132,2.6209487030355603
2881,99 Street & 67 Avenue,53.5033,-113.486394,1.9426221865889148
3784,17 Street & 25 Avenue,53.456946,-113.368791,0.12286832680669434
3640,21 Street & 43A Avenue,53.479148,-113.375926,2.436993092817516
99035,50 Street & 22 Avenue SW,53.414034,-113.418911,4.722051828323806
2862,99 Street & 89 Avenue,53.524143,-113.486246,0.9095713211016474
6038,100 Street & 156 Avenue,53.617218,-113.495453,1.4113264990523695
5750,178 Street & 85 Avenue,53.51733,-113.630302,1.5349600892765742
5821,178 Street & 76 Avenue,53.509959,-113.629959,0.7354026978734886
1395,122 Street & 111 Avenue,53.558991,-113.533025,1.4791940780934352
4838,119 Street & 23 Avenue,53.454053,-113.53482,3.48831141152507
1994,117 Street & Kingsway,53.565968,-113.520884,2.199030364309685
2338,86 Street & Davies Road,53.494507,-113.454864,3.241136310663169
A0175,St Albert Trail & Green Grove Dr,53.627156,-113.618335,6.473984461555822
8930,215 Street & Rosenthal Link,53.5224,-113.688884,1.4330828189462919
5536,146 Street & 112 Avenue,53.560428,-113.573201,1.3337371569502836
A0102,St Albert Trail & Boudreau Rd,53.654457,-113.629277,8.607693928663195
3303,32 Street & 22 Avenue,53.452561,-113.386484,1.2023068371953562
3695,24 Street & 37A Avenue,53.472439,-113.37927,1.7639463385092793
QKAG,Kathleen Andrews Platform,53.579141,-113.447875,0.9710169527441994
2462,68 Street & 94B Avenue,53.533305,-113.43352,0.7577309322500937
4010,Towne Centre Boulevard & Terwillegar Common,53.446678,-113.577655,2.450784531659126
F3013,100 Avenue and 105 Street EB,53.713494,-113.209762,16.372448912255575
E130,110 Street & 99 Street East,53.536832,-113.510173,1.5368186711593728
8506,178 Street & Stony Plain Road,53.542176,-113.627215,3.22605078075125
5391,135 Street & 114 Avenue,53.563649,-113.553679,0.017065843010341947
9702,Washburn Drive & Wates Link SW,53.432571,-113.6239,4.7962554129941255
A0399,Bellerose Dr & Inglewood Dr,53.645918,-113.622347,7.758402403985519
9626,Watt Boulevard & 12 Avenue SW,53.422436,-113.436425,3.67620081162508
3709,Meadows Transit Centre Bay I,53.478828,-113.368024,2.3786692036133124
1179,42 Street & 118 Avenue,53.570293,-113.405556,1.006034550370787
1926,Corona Station,53.540921,-113.504609,1.026487317296381
7382,24 Street & 137 Avenue,53.599363,-113.379446,1.4935073899298326
A0309,Page Drive & Pineridge Crescent,53.637021,-113.583856,5.03915094176209
5657,172 Street & 69 Avenue,53.504658,-113.620071,0.4103913084675197
77843,66 Street & 170 Avenue,53.631969,-113.442999,2.145843547932841
A0931,Bellerose Dr & Oakmont Dr,53.654415,-113.613854,7.738841840374237
5578,161 Street & 87 Avenue,53.519416,-113.599154,0.7189829252428033
ODT-2023,62 Street & 92 Avenue,53.526837,-113.42759,1.5050446185235304
E208,,53.570689,-113.458356,0.8815887930709959
S7920,Emerald Dr & ABJ,53.567596,-113.289217,6.727949083754991
2990,50 Street & 92 Avenue,53.527594,-113.418462,1.6627447758081046
77285,Miller Boulevard & 153 Avenue,53.615932,-113.412617,1.3393949226084148
4758,Hodgson Way & 23 Avenue,53.454187,-113.559782,2.2446465250896668
3068,54 Street & Mill Woods Road S,53.445565,-113.424928,1.2662277882145747
ODT-8846,Westview Village,53.551787,-113.69063,3.5071223806596086
5795,172 Street & 99 Avenue,53.535758,-113.619713,2.3924801309846937
2665,106 Street & 60A Avenue,53.495799,-113.50449,1.8157152587566503
8389,178 Street & 107 Avenue,53.553648,-113.627238,4.174823633745951
ODT-6716,Albany Way & 167 Avenue,53.629158,-113.559331,3.1958564319307827
5232,163 Street & 107 Avenue,53.550918,-113.602758,3.1890867040054385
A0997,Parkwood Dr & Poirier Ave,53.642432,-113.591185,5.757984258157407
ODT-7370,68 Street & 129 Avenue,53.587696,-113.446412,1.7518796547297801
6467,127 Street & 137 Avenue,53.599307,-113.539924,0.9918276503668292
S9240,Foxhaven Dr & Foxhaven Pl,53.528635,-113.259082,9.941795612109473
2542,83 Street & 71 Avenue,53.506482,-113.45535,1.9132452230809822
2635,105 Street & 51 Avenue,53.488359,-113.500869,1.010852668583983
5433,142 Street & 80 Avenue,53.515093,-113.56556,1.8798631030381296
A0843,Erin Ridge Dr & Enfield Pl,53.661615,-113.627649,8.943795690289098
A0669,Erin Ridge Dr & Ellesmere Dr,53.656435,-113.624209,8.435199015055325
L0364,11 Street & 37 Avenue,53.385497,-113.506767,3.1912330466243857
4047,Calgary Trail & GA MacDonald Avenue,53.475826,-113.493045,0.8407407586283969
2825,Scona Road & 95 Avenue,53.532821,-113.485704,1.183976685886514
6195,Admiral Girouard Street & 137 Avenue,53.599661,-113.51274,1.8075302000656972
9203,Allan Drive & Windermere Boulevard SW,53.431707,-113.589942,4.103637309964492
7699,34 Street & 139 Avenue,53.602716,-113.393208,0.5881800202356263
8609,Lewis Farms Transit Centre Bay I,53.523098,-113.666959,0.05088924478045925
3791,50 Street & 13 Avenue,53.441992,-113.418789,1.8206038811758325
8150,199 Street & 44 Avenue,53.479973,-113.671179,3.997122382223643
2120,79 Street & 94 Avenue,53.530703,-113.447992,1.1007827589374628
2389,39 Street & 76 Avenue,53.51246,-113.402018,3.6693738007852716
1530,109 Street & 111 Avenue,53.558786,-113.507721,1.6188053052829254
8850,Hemingway Road & Hodgins Road,53.495159,-113.683057,3.3207744854191854
5404,149 Street & 123 Avenue,53.576696,-113.577183,2.112071092350111
3268,Woodvale Road E & 35 Avenue,53.468973,-113.423941,1.6575934936478685
1022,97 Street & 109A Avenue,53.556008,-113.491239,1.2151719882410394
3358,Mill Woods Road E & 34 Avenue,53.464447,-113.406678,2.095087037389626
5406,142 Street & 107 Avenue,53.550141,-113.565618,1.7037297227362747
8549,204 Street & 48 Avenue,53.484935,-113.674534,3.839046440701392
3143,48 Street & Mill Woods Road S,53.444752,-113.413518,1.8267894413134187
9014,Heritage Valley Transit Centre Bay A,53.426443,-113.54494,2.166626430935963
E275,Avonmore Stop South Entrance,53.509277,-113.455185,1.6076586771405212
9335,Wonnacott Way & Watt Drive SW,53.415532,-113.433938,4.4421590582951405
2604,Davies Transit Centre Bay D,53.500194,-113.444217,2.7824194255062724
1226,106 Street & 113 Avenue,53.562242,-113.503557,1.1914353800603514
5144,165 Street & 87 Avenue,53.520293,-113.608717,1.2579837219549508
6001,Castle Downs Transit Centre Bay A,53.616905,-113.516288,0.13214246851544129
A0406,LeClair Way & Richarson Dr,53.607022,-113.643757,6.959245364402645
77696,17 Street & Fraser Way,53.614653,-113.368323,2.66625619346272
3493,70 Street & Millbourne Road E,53.481805,-113.447718,3.064572430656574
7121,73A Street & Ozerna Road,53.616974,-113.454385,1.6112595210622656
A0328,Jensen Lakes Blvd & Jubilation Drive,53.662527,-113.643031,9.849528470652078
3306,32 Street & 21 Avenue,53.450928,-113.386695,1.3071617605364338
2443,89 Street & 82 Avenue,53.51797,-113.463971,0.6872646592170873
6642,Gault Boulevard & Sir Arthur Currie Way,53.604821,-113.501627,1.569123464586348
A0861,Kingswood Dr & Kings Gate,53.654619,-113.595668,6.786769656958072
7559,84 Street & 162 Avenue,53.622797,-113.472077,2.7703206761138346
1494,90 Street & 118 Avenue,53.570456,-113.48038,0.6177386416729301
3844,24 Street & 23 Avenue,53.453574,-113.378034,0.6700905241272742
6472,103 Street & 134 Avenue,53.594554,-113.496493,2.7083207775402927
5454,174 Street & 95 Avenue,53.531371,-113.62117,2.2328740698923126
5316,145 Street & 123 Avenue,53.576694,-113.569841,1.787163594130263
1070,50 Street & 121 Avenue,53.57502,-113.417789,1.8435442183445303
2689,109 Street & 82 Avenue,53.518213,-113.513245,1.0548090924872964
5452,156 Street & 87 Avenue,53.519018,-113.590423,0.46832522534070203
9533,Windermere Road & Ware Gate,53.443893,-113.613362,3.3615626553657814
3563,34 Street & 43 Avenue,53.480359,-113.39278,2.946565498927493
S6041,Fir St & Oak St,53.519611,-113.307867,7.973538957342967
77690,Cy Becker Boulevard & Zaychuck Road,53.629326,-113.400465,0.731874396167857
1456,91 Street & Norwood Boulevard,53.56076,-113.481962,0.7414069808264725
S7435,Dawson Dr & Davenport Dr,53.555064,-113.26515,8.51105657785501
5600,160 Street & Stony Plain Road,53.541205,-113.598191,2.0666241871220823
5181,165 Street & 95 Avenue,53.531528,-113.606552,1.4146188356370897
7002,Northgate Transit Centre Bay B,53.599898,-113.490651,2.4626661935496874
1194,82 Street & 122 Avenue,53.57679,-113.467944,1.6666542040005308
S5065,Broadmoor Blvd & Sioux Rd,53.534893,-113.320258,6.199434612274736
77266,59A Street & 165 Avenue,53.626985,-113.43001,1.2437901892254057
6032,Beaumaris Road & 158 Avenue,53.618439,-113.50265,0.9730475690990196
A0339,Pineview Dr & Poirier Ave,53.64148,-113.582303,5.20435695344956
P0095,McLeod Avenue & Westridge Crescent,53.54306,-113.92735,17.376611823622277
7178,50 Street & 129 Avenue,53.58765,-113.419399,1.9160590760940617
3606,Grey Nuns Stop,53.46302,-113.434653,0.843287646137411
9323,164 Street & Glenridding Boulevard SW,53.421114,-113.604556,4.705521343536546
S9117,Regency Dr & Ritchie Wy,53.515562,-113.263727,9.585648580758628
5962,172 Street & 95 Avenue,53.532383,-113.618984,2.152187938043249
9418,Daniels Way & Desrochers Gate SW,53.399285,-113.542643,0.9724851800949348
9861,Rutherford Close & Rutherford Road SW,53.422703,-113.531449,1.7424134641315303
1881,124 Street & 107 Avenue,53.550881,-113.535144,1.8953165920186812
ODT-9401,Checknita Way & Cavanagh Drive SW,53.409383,-113.508438,1.948811025261799
S1090,Galloway Dr & Glenbrook Blvd,53.539672,-113.285789,7.801292981191474
7031,66 Street & 149 Avenue,53.610427,-113.442647,0.8056400360801578
1160,95 Street & 109 Avenue,53.556196,-113.484999,1.1729090306268721
22653,75 Street & 90 Avenue,53.524425,-113.442734,1.108397346478645
7641,50 Street & Hermitage Road,53.589301,-113.415984,1.6339698389219843
7476,40 Street & 139 Avenue,53.600395,-113.403437,0.14961198509705528
6232,102 Street & 132 Avenue,53.592106,-113.495818,2.8899369598874034
1915,103 Street & 104 Avenue,53.546111,-113.496572,0.5428673289740651
3611,Tamarack Road & Maple Road,53.476281,-113.365091,2.119418372186885
7524,90 Street & 153 Avenue,53.615126,-113.481413,2.331820046457999
S9235,Foxhaven Dr & Foxhaven Ln,53.527136,-113.2524,10.410648302647301
22077,97 Street & 45 Avenue,53.483502,-113.479244,1.7110263574707714
5329,135 Street & 111 Avenue,53.558,-113.555609,0.650917926411082
77288,48 Street & Brintnell Boulevard,53.619623,-113.414855,0.955426438009042
1548,Abbottsfield Road & 120 Avenue,53.57472,-113.388761,0.3615830435587811
A0092,Riel Dr & Rayborn Cres,53.623755,-113.643581,7.6529963824192455
F4002,Southfort Drive and 94 Street WB,53.693049,-113.214535,14.888865744179776
2662,99 Street & 56 Avenue,53.491949,-113.48623,1.8260919572599386
4543,112 Street & Saddleback Road,53.461282,-113.521617,2.335471586559021
6565,127 Street & Cumberland Road,53.604235,-113.542111,1.527097015836943
6176,119 Street & 139 Avenue,53.601164,-113.525707,1.6191725331703137
1682,120 Street & 107 Avenue,53.550951,-113.528461,2.205664332912662
77678,Ebbers Boulevard & Ebbers Court,53.609516,-113.402932,0.9174344275615322
E118,108 & Jasper Avenue Street North,53.541047,-113.505796,1.099759935817551
A0657,Heritage Drive & Hillcrest Place,53.61125,-113.628636,6.159645035300303
A0569,McKenney Ave & Mission Ave,53.638362,-113.644838,8.622419222413894
5835,165 Street & 97 Avenue,53.53515,-113.60588,1.677803045083736
S7018,Craigavon Dr & Craigavon Est,53.537327,-113.269089,8.909597017523293
2410,112 Street & 84 Avenue,53.520329,-113.521004,1.5633458512364242
5924,182 Street & 86 Avenue,53.519904,-113.637051,1.9376368845881722
6133,121 Street & 161 Avenue,53.622008,-113.534641,1.381061064041359
E253,,53.543798,-113.492519,0.19190499520068582
5975,178 Street & 99 Avenue,53.536279,-113.627291,2.845202711993651
5857,Wanyandi Road & Wolf Willow Road,53.504214,-113.611165,0.9904980975623888
9270,Chappelle Drive & Claxton Crescent SW,53.401959,-113.573733,2.4824326742853713
9443,Allan Crescent & Allan Drive SW,53.428196,-113.602126,4.637113883398301
2247,96 Street & 73 Avenue,53.509202,-113.476564,1.7964813593715285
3101,Parsons Road & 13 Avenue,53.441322,-113.483724,3.6357272978074016
7798,Hyndman Crescent & Hermitage Road,53.579736,-113.37726,1.2586394625846888
11324,82 Street & 112 Avenue,53.561598,-113.467113,1.4434610597847624
1422,92 Street & 122 Avenue,53.576689,-113.483111,1.1487671911339128
3332,76 Street & 41 Avenue,53.477974,-113.452072,2.7690415083307927
8944,176 Street & 107 Avenue,53.553192,-113.623785,4.002781771858814
1623,132 Street & 111 Avenue,53.559017,-113.549181,0.6119105095451921
1309,Government Transit Centre Bay I,53.536148,-113.504579,1.2656004547041948
7850,77 Street & 164 Avenue,53.624739,-113.462075,2.6051696848191956
Q3620,Churchill Station,53.543762,-113.488916,0.05899645385915972
5079,142 Street & 98 Avenue,53.535915,-113.565669,2.1642383403583385
3262,37 Street & 30 Avenue,53.460528,-113.39793,1.8600983268604596
7898,94 Street & 144 Avenue,53.606094,-113.484595,2.3765410673908627
55345,176 Street & 96 Avenue,53.530047,-113.626624,2.519402425495669
3508,17 Street & 34 Avenue,53.467827,-113.368714,1.1544930538596103
7924,Kirkness Road & 145 Avenue,53.607966,-113.395726,0.8426837589277464
7543,77 Street & Delwood Road,53.596682,-113.459852,1.196880517679706
7700,Edmonton Waste Management Centre IPTF,53.594486,-113.342708,3.983105494047542
22720,112 Street & 86 Avenue,53.522405,-113.520978,1.5927543784367149
S6127,Fir St & Pine St,53.518489,-113.303303,8.11791551300293
88710,218 Street & 92 Avenue,53.527526,-113.692283,1.7132075856065752
S1024,Georgian Wy & Garland Cr,53.531442,-113.278521,8.668866487173512
2991,116 Street & 51 Avenue,53.48817,-113.531301,2.0467920650179687
2724,107 Street & 82 Avenue,53.517996,-113.505763,0.5729354468453577
7232,88 Street & 150 Avenue,53.611233,-113.473984,2.05900248753606
6086,284 Dunluce Road,53.627155,-113.53219,1.6355250131522918
7538,94 Street & 140 Avenue,53.603016,-113.484451,2.557610031165901
9575,170 Street & Hiller Road SW,53.421311,-113.616425,5.464624835646307
6346,125 Street & 135 Avenue,53.596477,-113.538485,0.7116477209801253
5634,Lessard Road & 57 Avenue,53.493158,-113.629418,1.20178840380696
2481,91 Street & Connors Road,53.529669,-113.467372,0.867177642793747
8534,173 Street & 118 Avenue,53.570308,-113.621774,4.558031254984582
2578,63 Street & 101 Avenue,53.541264,-113.430075,0.19617942770255525
7867,Miller Boulevard & 150 Avenue,53.612656,-113.410968,1.402722139944581
4133,106 Street & 32A Avenue,53.465844,-113.503851,1.5184064156442056
6367,121 Street & 143A Avenue,53.605443,-113.529316,1.4201743829308215
A0008,Oakridge Dr S & Otter Cr,53.659327,-113.604263,7.558720379299092
9762,111 Street & MacEwan Road SW,53.428813,-113.516851,2.7448929278171663
6088,Dunluce Road & Warwick Road N Ent,53.625897,-113.533649,1.5958561710537202
1661,129 Street & 122 Avenue,53.576626,-113.544062,1.5498683089905307
E169,Coliseum,53.570815,-113.457368,0.8164694123047578
ODT-8670,The Fairways & Potter Greens Drive nearside,53.519237,-113.667499,0.47343983681818524
3047,Knottwood Road E & Mill Woods Road S,53.445556,-113.443293,1.2497577359497343
9846,Alexander Crescent & Allard Boulevard SW,53.401768,-113.530269,0.7999034814856242
9362,107 Street & Ellerslie Road SW,53.424983,-113.504881,2.918625306615886
S1005,Granada Blvd & Sherwood Dr,53.52787,-113.294578,8.012383630763185
11387,96 Street & 103A Avenue,53.547356,-113.482818,0.6263142034694769
4029,Riverbend Road & 53 Avenue,53.490278,-113.574353,2.5145103036349337
3982,97 Street & 39 Avenue,53.474391,-113.479309,1.742340193712781
1270,60 Street & 112 Avenue,53.566565,-113.431057,1.0291393040067738
ODT-4471,Heath Road & Hector Road,53.460875,-113.600803,1.4071861256890446
7823,Hooke Road W Ent & Hermitage Road,53.583384,-113.396327,1.3611226951976998
3472,Jackson Road & Jellett Way,53.483713,-113.403055,3.635265816231247
7486,72 Street & 140 Avenue,53.60252,-113.451959,0.42157284310786813
F5003,Southfort Drive and Greenfield Way SB,53.682282,-113.231757,13.321513742657727
5834,180 Street & 69 Avenue,53.502965,-113.634831,0.5879221068221365
8793,173 Street & 107 Avenue,53.553202,-113.620514,3.8880183734835865
4647,South Terwillegar Drive & Shaske Gate,53.435825,-113.57647,3.657070155243605
6136,Castle Downs Road & 139 Avenue,53.602325,-113.516515,1.4925895028069252
1439,101 Street & 103A Avenue,53.545989,-113.492453,0.3342913803571644
9662,91 Street & Edwards Drive SW,53.430042,-113.469634,3.6716077872774773
S6018,Fir St & Ash St,53.514237,-113.315321,7.29612470543952
7355,59A Street & 162 Avenue,53.623667,-113.430291,1.3447811863991443
A0023,Gainsborough Avenue & Gladstone Crescent,53.617216,-113.626865,6.333800365332301
9860,Currents Drive & Windermer Boulevard,53.434626,-113.595644,3.8401350139221044
2913,49 Street & 76 Avenue,53.512538,-113.416871,3.0721716704009903
A0651,Sunset Blvd & Cunningham Rd,53.632451,-113.614307,6.6673479847916095
2319,72 Street & Roper Road,53.493956,-113.43699,3.6084077411727082
1106,Kingsway RAH Transit Centre Bay C,53.558155,-113.501441,1.3373771924074238
6879,133 Street & 165 Avenue,53.626746,-113.553234,2.714233489316757
6525,135 Street & 132 Avenue,53.592152,-113.552874,0.7190673332554387
L0102,50 Street & Athapaskan Drive,53.254605,-113.546436,17.02409232666562
1808,124 Street & 107 Avenue,53.551051,-113.536589,1.8193213807434465
F1030,Westpark Drive and Windsor Place NB,53.68161,-113.250538,12.191392810281194
2174,99 Street & 48 Avenue,53.485771,-113.486263,1.3765699718923334
5212,West Edmonton Mall Transit Centre Bay A,53.524927,-113.621357,2.061843787872591
9171,115 Street & Ellerslie Road SW,53.424707,-113.523633,2.1294352517742308
ODT-66114,199 Street & Blackbird Link,53.593704,-113.663912,7.8179186557332825
6184,115 Street & 172 Avenue,53.634209,-113.523005,2.0988277137366973
S9180,Granada Blvd & Forrest Dr,53.522031,-113.267824,9.831862415384892
99047,Orchards Way & Orchards Boulevard SW,53.408159,-113.453326,5.411199251718448
5566,164 Street & 87 Avenue,53.519461,-113.604847,1.0458377822142098
2754,109 Street & 88 Avenue,53.523417,-113.51223,1.073087271206654
5990,184 Street & 64 Avenue,53.498898,-113.639785,1.059162671619476
9064,James Mowatt Trail & Ellerslie Road SW,53.424661,-113.51983,2.2466497980571876
7753,88 Street & 158 Avenue,53.618275,-113.475462,2.5668985952469567
3587,37 Street & 36 Avenue,53.466532,-113.400903,2.262185194954032
1232,96 Street & 111 Avenue,53.559248,-113.489031,0.8334740282632833
3195,28 Street & 37A Avenue,53.47221,-113.382003,1.809552847010827
1776,34 Street & 118 Avenue,53.570487,-113.391044,0.1335346227410285
8140,184 Street & 102 Avenue,53.543639,-113.639669,2.898040249183072
S7518,Lakeland Dr at Clover Bar Rd,53.5565,-113.2744,7.877983670210447
L0356,5 Street & 14 Avenue,53.318524,-113.532639,9.905627000917777
7132,66 Street & Fort Road,53.585194,-113.442255,1.6369984613320119
2029,65 Street & 108 Avenue,53.555563,-113.426872,1.7606887354327765
3876,Millbourne/Woodvale Stop,53.474723,-113.438979,2.1672126097442193
7152,42 Street & 139 Avenue,53.599673,-113.407079,0.3955330210300383
5616,Ormsby Road W & Ormsby Crescent,53.498581,-113.653045,1.8805950858221687
A0941,Eldorado Dr & Eastcott Dr,53.659998,-113.621529,8.509229382544179
8057,207 Street & Suder Greens Drive,53.521337,-113.678279,0.7631834626832499
6829,130 Street & 165 Avenue,53.627257,-113.54691,2.3786265060545224
Q3619,Central Station,53.541035,-113.491717,0.2788406969733192
2279,50 Street & Whitemud Drive,53.48778,-113.418657,3.747146034890882
2054,50 Street & 103 Avenue,53.544366,-113.418768,1.0137767235665407
L0195,Sparrow Drive & 77 Avenue,53.297951,-113.544291,12.198015305883086
5026,133 Street & 118 Avenue,53.570394,-113.551979,0.7493287798000144
2563,96 Street & 74 Avenue,53.510653,-113.476558,1.6987908094750017
1635,127 Street & 114 Avenue,53.563711,-113.542311,0.7655318388921266
8134,213 Street & 96 Avenue,53.533209,-113.685507,1.618397965942917
7890,Habitat Crescent E Ent & Hermitage Road,53.589283,-113.412634,1.5188471254132652
3142,48 Street & Mill Woods Road S,53.44524,-113.4138,1.7774248088572386
6566,132 Street & 155 Avenue,53.617071,-113.548244,2.097179406669988
4633,Rec Centre South Entrance & Leger Road,53.457693,-113.584316,1.1915438922376875
5845,175 Street & Stony Plain Road,53.540827,-113.622828,2.9088101174478918
5073,135 Street & 109A Avenue,53.555441,-113.555602,0.9325139627574256
A0534,Nakî Transit Station and Park and Ride,53.615291,-113.593327,4.356973474092735
9124,91 Street & Savaryn Drive SW,53.415933,-113.480721,3.895516686824491
8610,Lewis Farms Transit Centre Bay J,53.523149,-113.667362,0.03795567792302876
4209,Century Park Transit Centre Bay I,53.456681,-113.515631,2.650669741566548
A0123,Grandin Rd & Glen Meadow Cres,53.625531,-113.621858,6.547553821332325
A0301,Carnegie Dr & Chisholm Ave,53.636945,-113.574546,4.500378106269954
L0351,5 Street & 20 Avenue,53.339284,-113.531453,7.600665049412375
9556,Windermere Wynd & Ware Road,53.441942,-113.622426,3.9065944716084164
A0150,Heritage Drive & Hansen Close,53.611798,-113.624991,5.96054676449184
1984,127 Street & 121 Avenue,53.575371,-113.541103,1.544676164350459
3128,57 Street & 22 Avenue,53.45304,-113.427523,0.5282999364297271
4175,113 Street & Saddleback Road N Ent,53.461258,-113.524671,2.444911789009351
4426,301 Bulyea Road,53.473238,-113.571463,0.9789708043371248
4502,MacTaggart Crescent & MacTaggart Drive,53.439284,-113.556687,3.7058176018074644
1746,122 Street & 102 Avenue,53.543074,-113.533073,2.6827156485501327
3773,Maple Way & Maple Road,53.476322,-113.355081,2.328248462955849
8093,199 Street & Hemingway Road,53.488382,-113.664367,3.0645545784667862
1978,112 Street & 104 Avenue,53.546115,-113.51334,1.5959883995902167
77633,Fort Road & 134 Avenue,53.594579,-113.427125,1.5798265267541647
3354,30 Street & 43 Avenue,53.480418,-113.387511,2.792412924765199
8507,178 Street & 102 Avenue,53.54324,-113.626772,3.283023025307901
A0873,Park Ave & Parkwood Dr,53.64144,-113.594902,5.9158485295189465
A0777,Larose Dr & Laydon Dr,53.642839,-113.648899,9.144039558451764
9115,Summerside Link & Savaryn Drive SW,53.414273,-113.476748,4.114536333930773
3533,50 Street & 28 Avenue,53.459442,-113.422172,0.9249216180050368
E152,Stadium Transit Centre,53.560162,-113.471662,1.256428890005396
1662,109 Street & 107 Avenue,53.55133,-113.507741,1.482255558143014
A0061,Grenfell Ave & Grosvenor Blvd,53.624142,-113.628869,6.840251019851788
5277,152 Street & 110 Avenue,53.555929,-113.583134,2.1261933673984603
5884,166A Street & 111 Avenue,53.559779,-113.606836,3.5378320660550777
3975,Silver Berry Road E & 28A Avenue,53.458085,-113.376953,0.4408147608968311
S6091,Heron Rd & Falcon Dr,53.521068,-113.288571,8.796560250695048
ODT-84552,West Meadows Baptist Church,53.527578,-113.662827,0.5451070899188174
E38,Southgate Transit Centre,53.485746,-113.516153,1.059842080120218
3724,93 Street & 39 Avenue,53.474053,-113.472654,2.1750885465498735
3689,66 Street & Mill Woods Road S,53.445471,-113.43719,1.1256128111531425
9363,109 Street & Ellerslie Road SW,53.42495,-113.509671,2.687211907077215
4368,108 Street & 37 Avenue,53.472305,-113.509692,0.8806332964480705
88705,223 Street & 92 Avenue,53.526627,-113.702409,2.350914500593428
77063,Crystallina Nera Way & 178 Ave,53.641257,-113.458309,3.446004309106028
6553,127 Street & 131 Avenue,53.59032,-113.541082,0.08794235779463333
2802,50 Street & 76 Avenue,53.512554,-113.419378,2.919569522291989
S4605,Baseline Rd & 34 St,53.5409,-113.3927,2.623879614644962
F2013,99 Avenue and 90 Street NB,53.699564,-113.231026,14.336005432686372
6156,128 Street & 148 Avenue,53.610541,-113.542987,1.8374723751220687
4722,Tomlinson Common & Tomlinson Way,53.450327,-113.584825,2.0120104441674282
ODT-2514,124 Street & 49 Avenue,53.487011,-113.546613,2.9424540654213813
ODT-8840,213 Street & Hope Road,53.486924,-113.686529,4.263879541182716
4254,104 Street & 20 Avenue,53.451548,-113.495533,3.1612642292809694
4153,Whitemud Drive NB & 53 Avenue,53.490651,-113.570995,2.618231399395177
3173,37 Street & 12A Avenue,53.441593,-113.399454,2.6198852695639494
5202,Westmount Transit Centre Bay J,53.560925,-113.55538,0.33064773490394556
2460,17 Street & 73 Avenue,53.509215,-113.369173,5.412562439790304
2791,109 Street & 84 Avenue,53.520336,-113.511877,0.9599600107665872
1876,Churchill Station,53.543729,-113.488972,0.05391978253512467
S8209,Bethel Transit Terminal,53.542943,-113.307632,6.3557693318094675
ODT-9315,Hainstock Green & Hays Ridge Boulevard SW,53.416267,-113.570079,2.3727122328485653
7060,95 Street & 132 Avenue,53.592159,-113.488741,2.8404524849064994
4214,Century Park Transit Centre Bay N,53.457592,-113.515642,2.553969771042844
7145,82 Street & 144 Avenue,53.607018,-113.4683,1.543334729758909
7020,64 Street & 157 Avenue,53.617859,-113.440356,1.645305291144292
9374,53 Street & Watt Boulevard SW,53.420127,-113.42573,3.9724748674963957
8199,215 Street & Rosenthal Boulevard,53.517636,-113.689792,1.6246099140018293
5367,168 Street & 93 Avenue,53.52839,-113.611315,1.5014367783389815
ODT-99059,38 Street & Charlesworth Drive SW,53.429589,-113.397621,3.5951363479609713
S5120,Chippewa Rd & Kaska Rd,53.539323,-113.323484,5.717863384233631
ODT-3838,Tamarack Boulevard & 29 Avenue,53.459761,-113.364794,0.4486936924607118
3859,66 Street & 41 Avenue,53.478917,-113.442074,2.661856012169194
6715,139 Street & 161 Avenue,53.622227,-113.560732,3.006254751520687
8230,Glastonbury Boulevard & Galland Crescent,53.497883,-113.667487,2.8251008046471253
3451,76 Street & 40 Avenue,53.475668,-113.450962,2.5057331296800704
E71,McKernan Belgravia Station North Access,53.513754,-113.526164,2.0057380023889007
9258,Rutherford Road & 20 Avenue SW,53.414724,-113.535029,0.8237167054641945
3400,23 Street & 37A Avenue,53.472898,-113.376116,1.755203953416927
5805,189 Street & 86A Avenue,53.520512,-113.649145,1.2523605471511725
5091,151 Street & Rio Terrace Drive,53.50706,-113.581236,1.8991136833950317
88220,199 Street & Lessard Road,53.478391,-113.671708,4.141550377592909
5341,161 Street & 110 Avenue,53.55598,-113.597894,3.043285617039042
2042,79 Street & 97 Avenue,53.536611,-113.449184,1.1866826827766705
77610,71 Street & 170 Avenue,53.630697,-113.451376,2.6703837154416488
2496,79 Street & 92 Avenue,53.527082,-113.448972,0.7965710344629502
2375,81 Street & 106 Avenue,53.549462,-113.453085,1.7318069452758085
E64,,53.541116,-113.492161,0.2873840627746038
4639,Lindsay Crescent & Leger Boulevard,53.4601,-113.570704,1.266897204128128
6326,120 Street & 139 Avenue,53.601917,-113.528758,1.5564374186512555
2713,South Campus Fort Edmonton Transit Centre Bay M,53.50333,-113.528794,2.7452923312653463
A0353,SWC Ave & Cunningham Rd,53.632988,-113.61904,6.935108868761448
1797,109 Street & Kingsway,53.561262,-113.5091,1.5718878349331622
9106,90 Street & Savaryn Drive SW,53.413055,-113.473159,4.327912781273653
3595,48 Street & 31 Avenue,53.461425,-113.416707,1.3494483985752281
6744,139 Street & 156 Avenue,53.617491,-113.56287,3.0660290655951714
1255,46 Street & 121 Avenue,53.575135,-113.412578,1.5104414804865531
2085,110 Street & 51 Avenue,53.488097,-113.513251,1.133878457303136
5513,146 Street & 111 Avenue,53.55876,-113.572194,1.335792000184852
8589,208 Street & 96 Avenue,53.53264,-113.676803,1.195700872366447
7507,76 Street & Ozerna Road,53.62686,-113.458526,2.7405705592805654
1124,62 Street & 118 Avenue,53.570311,-113.436022,0.5988448675805016
3136,54 Street & 17A Avenue,53.447533,-113.424144,1.1125390211250878
9245,6103 Currents Drive E,53.436917,-113.600931,3.6841063406880767
1941,107 Street & 100 Avenue,53.538242,-113.504879,1.153236854767663
2230,50 Street & 103 Avenue,53.544982,-113.418366,1.070669046741362
6243,127 Street & 137 Avenue,53.600618,-113.540953,1.1283398206778905
2162,Holyrood Stop,53.528045,-113.457534,0.5198893775943458
7120,82 Street & 132 Avenue,53.592316,-113.468115,1.9281099308074958
3746,32 Street & 17B Avenue,53.446604,-113.387661,1.6696514245750331
5784,178 Street & 64 Avenue,53.499661,-113.630191,0.532740162912405
9824,Savaryn Drive & 22 Avenue SW,53.4127,-113.460507,5.064259989271398
2984,122 Street & 48 Avenue,53.485316,-113.541316,2.5529881787480497
4567,Whitemud Drive SB & 53 Avenue,53.490595,-113.573012,2.571983353186936
5139,146 Street & 109 Avenue,53.556196,-113.572211,1.478484530685429
1504,NAIT Blatchford Market Station,53.566634,-113.508774,1.4311020371585494
2639,111 Street & 54 Avenue,53.490233,-113.517024,1.4710927686932596
A0841,Erin Ridge Rd & St Albert Trail,53.657957,-113.628269,8.752600341413329
S7006,Glencoe Blvd & Couretnay By,53.533833,-113.269664,9.049658060440526
A0260,St. Albert Trail & Jensen Lakes Blvd,53.664915,-113.634139,9.505834557022434
1990,50 Street & 123 Avenue,53.579384,-113.418245,2.0269744388697584
3650,50 Street & 40 Avenue,53.475844,-113.416855,2.551278373164206
A0198,North Ridge Dr & Northstar Cl,53.655835,-113.666903,10.895832270462927
2872,109 Street & 74 Avenue,53.510064,-113.512199,1.4303460161816755
9336,Watt Promenade & Watt Drive SW,53.415612,-113.430991,4.438875421264622
2425,71 Street & 101 Avenue,53.541257,-113.437229,0.35524606689413424
S1099,Galloway Dr & Glengarry Cr,53.534876,-113.272035,8.856522028759732
6858,Hudson Road & 141A Avenue,53.604656,-113.553445,1.7363073314589275
7039,57 Street & 144 Avenue,53.607017,-113.429695,1.1369228108233933
S9352,Wye Road & Nottingham Way,53.51228,-113.277486,8.671877120072892
5068,163 Street & 83 Avenue,53.516791,-113.604103,1.1571643110954173
5725,183A Street & 76 Avenue,53.509132,-113.638569,1.0214377987609193
66123,122 Street & Rapperswill Drive,53.636909,-113.533839,2.6171016778072076
4285,114 Street & Saddleback Road N Ent,53.461101,-113.527727,2.5775594106987163
7037,57 Street & McLeod Road WB,53.611389,-113.429494,1.3950114370662647
3359,Millbourne Road E & 38 Avenue,53.474533,-113.446352,2.2683555032489933
2607,Davies Transit Centre Bay G,53.499718,-113.443651,2.8454320992868833
2399,50 Street & 106B Avenue,53.553144,-113.417968,1.7359703090373115
2076,Calgary Trail SB & 45 Avenue,53.482686,-113.495197,0.6913267179152495
1719,129 Street & 118 Avenue,53.570368,-113.545144,0.9356426536375301
2706,South Campus Fort Edmonton Transit Centre Bay F,53.502694,-113.528964,2.8004932521178314
3234,Mill Woods Road E & 26 Avenue,53.457574,-113.407895,1.7751867125617418
L0145,43 Street & 81 Avenue,53.303116,-113.537143,11.615011829341539
2848,91 Street & 82 Avenue,53.517941,-113.466859,0.7935981037573162
5158,149 Street & 112 Avenue,53.560838,-113.578004,1.6321639100882575
A0585,Forest Dr & Fraser Dr,53.637548,-113.595018,5.7261181077558625
8046,199 Street & 62 Avenue,53.492995,-113.665899,2.9022102155792644
S8846,Sherwood Dr & Abbey Rd,53.560104,-113.295076,6.454400831573533
5180,142 Street & 107 Avenue,53.553505,-113.565682,1.3837716489991534
2920,119 Street & 87 Avenue,53.522896,-113.535716,2.5648066167531693
6042,100 Street & 160 Avenue,53.621609,-113.496232,1.499964745929275
5387,139 Street & 118 Avenue,53.570029,-113.561483,0.8615736816665782
6690,138 Street & 155 Avenue,53.61608,-113.55893,2.7993704419288337
3182,Parsons Road & 33 Avenue,53.466205,-113.485909,1.9098344503711944
A0340,Carleton Drive & Chevigny Street,53.645845,-113.571565,4.943264476570154
2146,97 Street & 76 Avenue,53.512341,-113.480196,1.3933476786469101
99469,Keswick Drive & Keswick Gate SW,53.416075,-113.618839,5.488195416074175
4593,Saddleback Road & 23 Avenue,53.454053,-113.526082,3.1841790972580504
S8005,Baseline Rd & Broadmoor Blvd,53.541028,-113.318455,5.868303697827874
7250,90 Street & 135 Avenue,53.59588,-113.479881,2.4091135968290542
33026,24 Street & 16 Avenue,53.445239,-113.375288,1.4030776650170824
3305,32 Street & 22 Avenue,53.453123,-113.386269,1.1620291346906717
5573,139 Street & 116 Avenue,53.568252,-113.56147,0.7102006292004419
3189,47 Street & 23 Avenue,53.455249,-113.414377,1.3289330095205534
8489,Grantham Court & Guardian Road,53.50813,-113.671664,1.733248353465054
3082,62 Street & Mill Woods Road S,53.445376,-113.431606,1.1356436350975996
5110,Jasper Place Transit Centre Bay G,53.5411,-113.59185,1.9916436483849074
5583,163 Street & 87 Avenue,53.519582,-113.604125,0.9965889475724267
5259,153 Street & 114 Avenue,53.563121,-113.583582,1.970359348989742
5923,178 Street & 81 Avenue,53.515274,-113.629954,1.3059106675573775
2876,48 Street & 55 Avenue,53.491812,-113.414089,4.265856334549889
6423,123A Street & 135 Avenue,53.596479,-113.535562,0.8023353100234129
Q5267,Century Park Station,53.457805,-113.516303,2.5449714628387716
77145,87 Street & 180 Avenue,53.642118,-113.473435,4.0974965539059305
43331,Terwillegar Drive & 23 Avenue,53.458007,-113.587912,1.1883410059172852
5669,163 Street & 114 Avenue,53.56308,-113.603725,3.3046246006663234
A0346,Campbell Road & Servus Place,53.645531,-113.577573,5.220120508913823
4882,Towne Centre Boulevard & Terwillegar Boulevard,53.444746,-113.578801,2.652530657268401
3754,21 Street & 38 Avenue,53.477025,-113.375474,2.1988987226286767
2829,99 Street & 89 Avenue,53.524773,-113.485984,0.9651867446261334
9622,62 Street & Ellerslie Road SW,53.424977,-113.437121,3.3957783112391637
F1002,Westpark Boulevard EB,53.682219,-113.246713,12.445164856236028
99205,Davidson Green & Desrochers Boulevard SW,53.397414,-113.550902,1.4287899916293192
2681,101 Street & 82 Avenue,53.517961,-113.49085,0.4701488630920088
2001,University Transit Centre Bay A,53.524844,-113.521181,1.6824935587848155
7175,Delwood Road & 134A Avenue,53.595937,-113.462784,1.4012114285469146
A0094,8 Riel Dr,53.625666,-113.63877,7.484654980967838
S5107,Strathcona Dr & Moyer Dr,53.521647,-113.325405,7.043589798783536
7227,38 Street & 139 Avenue,53.601182,-113.401878,0.015180383054964091
3487,99 Street & 41 Avenue,53.476128,-113.486228,1.245467598572727
4054,111 Street & 43 Avenue,53.479174,-113.516032,0.7914633487045641
ODT-5121,144 Street & McQueen Road,53.552637,-113.569766,1.6253411895839622
33119,97 Street & 41 Avenue,53.47682,-113.479324,1.6729620101892673
E233,,53.535746,-113.507879,1.4684100265057276
S9236,Foxhaven Dr & Foxhaven Ln,53.527201,-113.252572,10.397172719762978
5589,156 Street & 81 Avenue,53.514656,-113.59045,0.9538015585897772
4505,Calgary Trail & 23 Avenue,53.453468,-113.493623,2.978453117287637
ODT-9551,111 Street & Blackburn Drive SW,53.429352,-113.515749,2.8337392020369445
S7319,Meadowview Dr & Clarkdale Dr,53.54764,-113.253365,9.47476313656787
4750,Thibault Way & South Terwillegar Boulevard,53.441728,-113.58533,2.9696211522543883
A0659,Gervais Rd & Levasseur Rd,53.616301,-113.615299,5.616396839566315
8368,207 Street & Suder Greens Drive,53.521397,-113.677629,0.7201917207891234
2772,113 Street & 61 Avenue,53.498325,-113.52044,2.3599174041129327
3968,Wildwood Point & 34 Avenue,53.467576,-113.375986,1.181205557083053
77839,62A Street & McConachie Boulevard,53.640149,-113.432689,1.9627131315777364
5239,146 Street & 112 Avenue,53.560547,-113.57414,1.3901548630670948
5084,142 Street & 89 Avenue,53.521523,-113.565599,1.6557671268512633
2532,50 Street & 98 Avenue,53.53703,-113.418746,0.9573914789039071
2512,118 Street & 87 Avenue,53.523008,-113.534897,2.5130353741610363
E241,Education Centre,53.535771,-113.505735,1.3518231637695335
1596,55 Street & 118 Avenue,53.570416,-113.426514,1.2281256661883804
2396,77 Street & 106 Avenue,53.549447,-113.447165,1.4373144635840225
1202,Coliseum Transit Centre Bay B,53.570749,-113.45934,0.9468802146154843
22910,58 Street & 90 Avenue,53.524468,-113.426999,1.7712039102806674
5140,142 Street & 85 Avenue,53.517746,-113.565833,1.7398368352868232
7305,62 Street & 165 Avenue,53.627322,-113.436845,1.692834137473143
7775,Ozerna Road & 163 Avenue,53.624695,-113.448067,2.3713686673718524
6477,107 Street & 134A Avenue,53.59501,-113.505537,2.4208307185771276
9287,50 Street & 4 Avenue SW,53.428733,-113.418887,3.146072430404132
6202,127 Street & 167 Avenue,53.629484,-113.541015,2.223527007012731
9552,James Mowatt Trail & 32 Avenue SW,53.403555,-113.538855,0.4451225465532095
8604,Lewis Farms Transit Centre Bay D,53.523178,-113.666166,0.08610369342073518
6688,Shepherd's Care Wellness Centre,53.596152,-113.539743,0.6510321691372736
4104,Terwillegar Drive & 40 Avenue,53.476892,-113.573693,1.158493564405433
5129,163 Street & 108 Avenue,53.552255,-113.602925,3.3358501417327933
E279,Bonnie Doon Stop South,53.518216,-113.455665,0.6379434868706844
2114,Southgate Station,53.486054,-113.516734,1.1114392687167363
5220,156 Street & 81 Avenue,53.515319,-113.590248,0.8800640378949566
9815,Allan Drive & Windermere Boulevard SW,53.431765,-113.58891,4.090920410997596
3704,Meadows Transit Centre Bay D,53.478246,-113.367476,2.316795263376881
1026,Alex Taylor Road & Jasper Avenue,53.547392,-113.476334,0.98543572554916
7512,Miller Boulevard & 152 Avenue,53.614978,-113.410768,1.4430400213149177
L0322,5 Street & 23A Avenue,53.347273,-113.531156,6.714217485801823
9052,100 Street & Ellerslie Road SW,53.424947,-113.489981,3.7135792889312724
1518,Quarters Stop,53.544426,-113.484008,0.3899100443437204
L0340,Amazon YEG1,53.391894,-113.496976,3.209250053081088
4003,Leger Way & Leger Boulevard,53.459915,-113.575176,1.1028377844856336
1142,101 Street & MacDonald Drive,53.539715,-113.493876,0.4803610816907857
77333,75 Street & 139 Avenue,53.601563,-113.456715,0.7533070127515352
F3028,101 Street at Jubilee Recreation Centre SB,53.705044,-113.208706,15.903799220134196
4070,113 Street & 31 Avenue,53.464254,-113.525425,2.2079150434564263
77694,14 Street & Fraser Way,53.614444,-113.363646,2.916652693652631
2432,91 Street & 82 Avenue,53.518442,-113.467286,0.7699173095303841
3786,17 Street & 28 Avenue,53.459859,-113.36876,0.2837621469983721
5546,142 Street & 123 Avenue,53.576337,-113.565928,1.6123081931288545
7949,10 Street & 167 Avenue,53.628671,-113.356909,3.597959727483413
6926,127 Street & 140 Avenue,53.601956,-113.543447,1.2753529703870803
3829,17 Street & 28 Avenue,53.458532,-113.369034,0.14574583215805267
ODT-6385,99 Street & 178 Avenue,53.640596,-113.495036,3.1140694301749243
S7604,Jim Common Dr & Cache Pl,53.551903,-113.282786,7.470743422732503
S1010,Sherwood Dr & Gatewood Blvd,53.534751,-113.295456,7.521867063112573
6028,109 Street & Beaumaris Road,53.621532,-113.509044,0.817560762179037
A0246,Everitt Dr & Element Dr N,53.668253,-113.631187,9.56894669063107
7203,Belvedere Transit Centre Bay C,53.587906,-113.435226,1.8638941222174188
1836,119 Street & 107 Avenue,53.551471,-113.526583,2.2666777134814873
3147,46 Street & Mill Woods Road S,53.443405,-113.409277,2.13937993788495
ODT-8280,Breckenridge Drive & Suder Greens Drive,53.520386,-113.684723,1.202679479011631
A0065,Grandin Rd & SWC Ave,53.63028,-113.626619,7.119092572988758
7563,64 Street & Fort Road,53.586677,-113.438981,1.8360951071750489
6248,131 Street & 137 Avenue,53.599327,-113.546599,1.0199590738919042
6527,112 Street & Beaumaris Road,53.622003,-113.513931,0.7201044098640664
5604,156 Street & 89 Avenue,53.520555,-113.59045,0.2972793954510366
7737,90 Street & 164 Avenue,53.626287,-113.480729,2.650179770014807
55079,184 Street & 100 Avenue,53.537939,-113.639653,2.4413496254160227
7096,74 Street & 149A Avenue,53.611413,-113.455916,1.1132479487145022
4174,112 Street & 30 Avenue,53.463172,-113.521244,2.1422744011272177
5104,Jasper Place Transit Centre Bay D,53.540378,-113.591772,1.9111320922839006
3378,71 Street & Millbourne Road E,53.468917,-113.444133,1.6333512828604877
9448,Windermere Road & Whitelaw Lane,53.442418,-113.614385,3.5347227432204815
5410,178 Street & 95 Avenue,53.528506,-113.634311,2.26135292340482
2844,116 Street & 87 Avenue,53.522775,-113.528289,2.076590568840208
ODT-4130,Heath Road & Healy Road South,53.463525,-113.599848,1.1974868925190136
3554,39 Street & 36 Avenue,53.467651,-113.402894,2.4365329778012383
L0367,13 Street & 38 Avenue,53.39111,-113.501347,3.0206305745823996
6383,109 Street & 129 Avenue,53.587391,-113.507997,2.302519533955359
9585,Glenridding Way & Glenridding Boulevard SW,53.420978,-113.59832,4.3098017459913835
5928,154 Street & 118 Avenue,53.57035,-113.586591,2.2891347518667327
77433,37 Street & 157 Avenue,53.617682,-113.397763,1.450263955213204
3564,34 Street & 38 Avenue,53.472787,-113.392915,2.26539102697165
A0903,Liberton Dr & Giroux Rd,53.652842,-113.631551,8.651119032375334
A0335,Akins Dr & Amherst Cres,53.63421,-113.583631,4.8864806876304065
77931,50 Street & 162A Avenue,53.623022,-113.412961,0.5585620106256952
6008,Castle Downs Transit Centre Bay H,53.61663,-113.516559,0.09966614718186563
4061,111 Street & 34 Avenue,53.466706,-113.516036,1.627552852613028
1056,95 Street & 115 Avenue,53.566161,-113.48707,0.05537846903616595
22073,68 Street & 90 Avenue,53.52514,-113.430931,1.6641137812055833
E13,Art Gallery LRT Access,53.544787,-113.488924,0.15337616325807066
5956,178 Street & 100 Avenue,53.538222,-113.627299,2.961854044117718
8991,199 Street & Commercial Drive,53.495602,-113.665374,2.7618338662181063
9757,Chappelle Vista & Chappelle Road SW,53.39866,-113.572414,2.5168646528249976
77146,50 Street & 153 Avenue,53.61652,-113.418052,1.347717451199518
5840,West Edmonton Mall Transit Centre Bay B,53.524951,-113.622898,2.163868486803736
7483,91 Street & 168 Avenue,53.62984,-113.481637,2.797548049274678
4548,111 Street & 23 Avenue,53.452024,-113.515994,3.1564491052833077
8120,178 Street & 110 Avenue,53.557378,-113.627442,4.525307308012091
E193,North Parkade Access,53.602185,-113.41036,0.5771534498132833
6441,120 Street & 134 Avenue,53.594831,-113.527893,1.0721480017353957
4314,Mullen Way & Rabbit Hill Road,53.435778,-113.571176,3.7251683989246724
7724,Hermitage Road & 127 Avenue,53.58545,-113.405889,1.7852523148249306
1473,95 Street & 106 Avenue,53.551021,-113.482124,0.9768326480026368
E262,Enterprise Square Access,53.541476,-113.496516,0.49673188619569764
5497,178 Street & 95 Avenue,53.528326,-113.633625,2.3007023272457032
5969,178 Street & 81 Avenue,53.514833,-113.629133,1.247822488029644
6113,151 Street & 128 Avenue,53.585145,-113.581181,2.6387765846462496
6168,100 Street & Castle Downs Road,53.628405,-113.498518,1.850703270672376
1692,116 Street & 103 Avenue,53.54494,-113.521225,2.0978711731529747
1900,Tower Road & Kingsway,53.564752,-113.517292,2.0067089485575416
77687,Cy Becker Boulevard & 171A Avenue,53.633069,-113.403088,0.7870816189373115
3617,95 Street & 39 Avenue,53.474191,-113.477654,1.853548250491761
3097,Parsons Road & 21 Avenue,53.451358,-113.48157,3.1677585206243983
3421,34 Street & 43 Avenue,53.480489,-113.394247,3.0091967988323622
4806,Leger Transit Centre Bay F,53.455587,-113.580808,1.4388791072150628
6192,121 Street & 148 Avenue,53.610563,-113.531722,1.1526661237108105
7983,37 Street & 132 Avenue,53.592695,-113.396812,1.0125971938575014
A0581,Primeau Lane & Boudreau Rd,53.638794,-113.593505,5.696664578436653
33008,66 Street & 23 Avenue,53.45376,-113.436337,0.22817031204762098
A0113,St Anne Street & St Thomas Street,53.632192,-113.627551,7.300732702635006
A0012,Oakmont Dr & Oakridge Dr N,53.660564,-113.609397,7.908218514108888
7748,97 Street & 165 Avenue,53.626412,-113.491596,2.0387906217531975
6092,121 Street & 157 Avenue,53.618412,-113.530148,0.9426523055333463
6584,Castle Downs Road & Beaumaris Road,53.62304,-113.518387,0.8212051331356393
E162,NAIT Blatchford Market Station East Acce,53.5659879,-113.5048665,1.174564764982218
66095,121 Street & 152 Avenue,53.613954,-113.529402,0.8679800897581442
1150,95 Street & 114 Avenue,53.563847,-113.487282,0.31257002636239145
3006,Lakewood 3006,53.458555,-113.444127,0.7342016336479662
ODT-9525,Blackburn Drive & Blackburn Drive SW,53.431373,-113.500321,3.6336990919685253
7193,90A Street & 135 Avenue,53.596602,-113.481988,2.5148412612860835
8597,199 Street & 45 Avenue,53.483167,-113.665187,3.4636447640280448
7319,Miller Boulevard & 152 Avenue,53.614359,-113.411016,1.5116373492519424
77429,Brintnell Boulevard & 167 Avenue,53.628338,-113.40532,0.3967210605910561
5322,135 Street & 115 Avenue,53.564898,-113.554575,0.13559602897352038
99057,Desrochers Drive & 35 Avenue SW,53.40135,-113.549998,1.071801208305422
5487,156 Street & 116 Avenue,53.567028,-113.590251,2.438226760634572
3152,Mill Woods Road E & 18 Avenue,53.449265,-113.407244,1.9294599512477826
ODT-2972,127 Street & 62 Avenue,53.497699,-113.545565,3.4169989581764537
7455,83 Street & 149A Avenue,53.610464,-113.468973,1.7232954639808802
1096,64 Street & 118 Avenue,53.570316,-113.439403,0.3752601766794969
3792,50 Street & 34 Avenue,53.464305,-113.420833,1.3349292638337844
A0797,Giroux Rd & Dunfield Cr,53.646243,-113.662772,10.09711673795448
L0199,42 Street & 82 Avenue,53.306268,-113.534114,11.266533574441615
77619,50 Street & 162A Avenue,53.623566,-113.412328,0.4917400530325788
1141,117 Street & Jasper Avenue,53.54084,-113.522595,2.202252981404591
1443,38 Street & 121 Avenue,53.575151,-113.400287,0.7540897730769907
1283,124 Street & 111 Avenue,53.558823,-113.535208,1.3526381707590076
4079,105 Street & 28 Avenue,53.459276,-113.499269,2.2722576122449527
5524,136 Street & 109A Avenue,53.555848,-113.556585,0.8983560862785469
A0771,McKenney Ave & Mission Ave,53.638183,-113.644705,8.603209754958938
73308,Clareview Station Drive & 143 Avenue,53.605375,-113.408859,0.65251470613413
2970,50 Street & Eleniak Road,53.500258,-113.418366,3.7543506052175264
7276,54 Street & 153 Avenue,53.615952,-113.425361,1.627396166668656
11319,95 Street & 103A Avenue,53.547832,-113.481007,0.7511671374505998
1292,100 Street & 102A Avenue,53.54372,-113.490944,0.08829815735045891
A0252,Riel Dr & Enjoy Centre South,53.611119,-113.645868,7.225350516140853
99516,Heritage Valley Trail & Ellerslie Road SW,53.424652,-113.546558,2.0024195806272003
5719,172 Street & Callingwood Road,53.497401,-113.621569,0.7693576309815608
2783,50 Street & 90 Avenue,53.522078,-113.418394,2.203412905721914
7959,82 Street & 160 Avenue,53.620847,-113.46818,2.4403003636181135
22117,54 Street & Roper Road,53.495596,-113.421486,3.995811196164606
1010,50 Street & 122 Avenue,53.576971,-113.41825,1.912526338449753
4436,119 Street & 28 Avenue,53.45951,-113.537583,3.143270409497253
ODT-9053,Graydon Hill Green & Graydon Hill Link SW,53.418857,-113.554597,1.6986102202736106
3729,24 Street & 43A Avenue,53.480719,-113.380128,2.663645689146967
2585,Donnell Road & 95 Avenue,53.531586,-113.469973,1.1414788450572457
2329,83 Street & 86 Avenue,53.522395,-113.454864,0.3236547721450342
88701,Secord Boulevard & 96 Avenue,53.534558,-113.706833,2.8933229292042815
6207,170 Street & 129 Avenue,53.589376,-113.615329,4.832966110866352
7847,82 Street & 167 Avenue,53.629416,-113.46724,3.221906828214464
28358,106 Street & 56 Avenue,53.493041,-113.50444,1.5087454603939994
1328,96 Street & Jasper Avenue,53.543359,-113.482699,0.45820836146332256
5421,153 Street & 95 Avenue,53.531476,-113.584538,0.9970997359708957
L0108,50 Street & 57 Avenue,53.271238,-113.551265,15.190152567507583
5194,150 Street & 110 Avenue,53.555806,-113.57919,1.8971627910713056
6730,134 Street & 153 Avenue,53.614628,-113.550598,2.2511298773377417
5504,156 Street & 123 Avenue,53.577989,-113.590232,2.8834427442715
77643,92 Street & 163 Avenue,53.624766,-113.483276,2.4253424840054985
1971,124 Street & 102 Avenue,53.543047,-113.535466,2.607466046003139
3653,21 Street & 37A Avenue,53.472703,-113.374115,1.7097972239200114
6884,St Albert Trail & 126 Avenue,53.581613,-113.557676,1.4174657577062906
1460,82 Street & 123 Avenue,53.578528,-113.467211,1.713921584278437
A0373,St Vital Ave & Mt Royal Dr,53.63629,-113.633991,7.919856109335682
88281,199 Street & Edgemont Way,53.475497,-113.670617,4.317744806545202
E146,,53.535719,-113.508819,1.5218749616608787
99016,Rabbit Hill Road & Glenridding Ravine Road SW,53.414866,-113.600693,4.277329799051915
8742,178 Street & 102 Avenue,53.543659,-113.627309,3.340826796779151
4445,105 Street & 23 Avenue,53.454085,-113.502153,2.8300399126180067
9195,Allard Link & Allard Boulevard SW,53.400893,-113.521517,1.2950618397221254
22160,116 Street & 68 Avenue,53.505027,-113.531681,2.779680736991862
1245,41 Street & 118 Avenue,53.570434,-113.405494,0.9997288959702002
7721,88 Street & 156 Avenue,53.616964,-113.476291,2.5193055085132285
4163,Riverbend Road & Rhatigan Road E,53.476593,-113.584562,0.9140050872721258
1702,109 Street & 104 Avenue,53.547262,-113.508208,1.2986551252216836
6299,103 Street & 129 Avenue,53.587128,-113.497345,2.3761289373355243
77671,50 Street & Cy Becker Boulevard,53.632576,-113.413402,0.5347512997600307
9429,Rabbit Hill Road & Ellerslie Road SW,53.423873,-113.590744,3.97861114535282
6777,164 Street & 137 Avenue,53.599488,-113.605372,4.289345711528082
6141,102 Street & 137 Avenue,53.599385,-113.495795,2.283440866619313
ODT-8920,Bainbridge Crescent & Breckenridge Drive,53.514145,-113.679725,1.3247841969111156
1387,84 Street & Jasper Avenue,53.556334,-113.470792,1.580440105406068
9613,Keswick Drive & Koshal Way SW,53.418867,-113.620765,5.675383455818433
3527,38 Street & 38 Avenue,53.47289,-113.398476,2.5323044125082625
9152,111 Street & Ellerslie Road SW,53.425443,-113.516328,2.4477133187556035
5643,188 Street & 77 Avenue,53.510296,-113.646811,1.5557662588957288
6130,113A Street & 132 Avenue,53.593029,-113.516396,1.7424316921943073
8358,215 Street & Suder Greens Drive,53.520077,-113.688866,1.4764828616727315
2304,Capilano Transit Centre Bay D,53.538583,-113.422623,0.6596422215003155
7372,42 Street & 139 Avenue,53.600267,-113.405957,0.3002302538287835
1786,50 Street & 121 Avenue,53.574529,-113.418501,1.8128425062800526
S1038,Georgian Wy,53.536227,-113.282188,8.192122886302085
3325,62 Street & Grand Meadow Crescent,53.477164,-113.432888,2.4192792971321038
A0391,Giroux Rd & Lexington Dr,53.653156,-113.635347,8.888866492907844
2005,Metro Line JTTl Track,53.518055,-113.525965,1.8958407456377406
4181,Riverbend Road & 45 Avenue,53.483871,-113.578531,1.7572517678077015
2192,50 Street & 101 Avenue,53.540424,-113.418772,0.8946601037894866
A0831,Liberton Dr & Lennox Dr,53.648176,-113.629726,8.30707359634319
3551,39 Street & 26 Avenue,53.456088,-113.402024,2.1072866486342345
6338,115 Street & 174 Avenue,53.636204,-113.524558,2.337650877405075
6785,127 Street & 140 Avenue,53.601592,-113.546078,1.2570614404378826
3777,25 Street & 23 Avenue,53.454103,-113.381623,0.836658378797309
2522,65 Street & 106B Avenue,53.553212,-113.43008,1.4695939753914213
4205,Century Park Transit Centre Bay E,53.457086,-113.51544,2.6038514926949894
S7704,Chatwin Rd & Chestermere Cr,53.544161,-113.275304,8.226666605638387
5483,184 Street & Parking Lot,53.540444,-113.642174,2.5195698263668374
2740,87 Street & 58 Avenue,53.493986,-113.458962,3.2853888759466234
ODT-33020,Tamarack Boulevard & 26 Avenue,53.457755,-113.365113,0.3515886804276718
A0423,Deer Ridge Dr & Dorchester Dr,53.655467,-113.643127,9.463841395686742
S7124,Highland Dr & Heritage Lake Wy,53.533648,-113.261665,9.53130897937072
E5,,53.543602,-113.488998,0.04665012396200784
S8216,Bethel Transit Terminal,53.542921,-113.305033,6.5064422101912385
E8,Chancery Hall LRT Access,53.544277,-113.488801,0.10558173231108958
7627,31 Street & 132A Avenue,53.593349,-113.388938,1.2268422501333478
5779,175 Street & 57 Avenue,53.493407,-113.626119,1.1534161371555014
2898,103 Street & 63 Avenue,53.499983,-113.494912,2.1738820317646117
6362,97 Street & 160 Avenue,53.620605,-113.492126,1.7099138561676457
A0467,Kingswood Dr & Kingsbridge Cl,53.652032,-113.592245,6.429335499174704
1524,96 Street & 122 Avenue,53.576685,-113.49112,1.1465393364775303
L0158,45 Street & 66 Avenue,53.281441,-113.541175,14.029282030070425
2490,65 Street & 106 Avenue,53.549229,-113.430734,1.0241854919114521
4804,Leger Transit Centre Bay D,53.455461,-113.580204,1.4587440987919986
3220,76 Street & 41 Avenue,53.479266,-113.452008,2.8981634321791936
1818,109 Street & Jasper Avenue,53.541045,-113.509667,1.3514030183897323
2556,86 Street & 53 Avenue,53.489763,-113.454991,3.4562267718066715
ODT-2062,42 Street & 69 Avenue,53.506308,-113.40574,4.04001418549159
4945,Towne Centre Boulevard & Taylor Green,53.448408,-113.577669,2.260963467051441
A0395,Deer Ridge Dr & Deer Ridge Park,53.656268,-113.653343,10.105651789101142
2763,96 Street & 58 Avenue,53.493976,-113.477554,2.389758756690186
9456,Watt Boulevard & Ellerslie Road SW,53.424196,-113.436182,3.4798711382148992
7015,Northgate Transit Centre Bay I,53.599808,-113.490867,2.4599131205743183
2034,39 Street & 76 Avenue,53.512323,-113.40091,3.722679922483915
5693,146 Street & 111 Avenue,53.558988,-113.573344,1.3955913926061085
5052,142 Street & Buena Vista Road,53.520144,-113.565613,1.679383782365822
8213,178 Street & 114 Avenue nearside,53.561813,-113.627181,4.862844197117473
4982,Century Park Station,53.457805,-113.516303,2.5449714628387716
5532,156 Street & 104 Avenue,53.546223,-113.590448,2.559494399861807
A0057,Grenfell Ave & Gatewood Ave,53.621727,-113.634856,7.038926046422022
3480,50 Street & 44 Avenue,53.482348,-113.417942,3.1869778585947017
S6085,Heron Rd & Raven Dr,53.523083,-113.290165,8.572367359909062
4220,112 Street & 40 Avenue,53.475897,-113.521223,1.2035996378564247
6148,101 Street & Griesbach Road,53.60815,-113.493442,1.7517651497861202
ODT-66527,Northern Harrier Lane & Hawks Ridge Boulevard S,53.586138,-113.692137,7.1633524600799205
3292,Mill Woods Road E & 26 Avenue,53.458024,-113.408086,1.7700338204392412
A0393,Giroux Rd & Liberton Drive,53.653631,-113.631579,8.694939999817368
4474,119 Street & 40 Avenue,53.476236,-113.537819,2.2662988891132447
7680,25 Street & Clareview Road,53.590712,-113.378884,1.9196367868152133
2479,93 Street & 66 Avenue,53.502849,-113.469765,2.399968365604193
S5048,Strathcona Dr & Keith Rd,53.521684,-113.325032,7.0555257088932475
6627,139 Street & 150 Avenue,53.613007,-113.559905,2.7593816278828007
3869,24 Street & Silver Berry Road,53.457134,-113.378793,0.5597418423726617
2735,106 Street & 68 Avenue,53.504664,-113.504503,1.7108872018708823
5337,159 Street & Patricia Drive,53.508286,-113.59384,1.6783381805021889
44157,148 Street & 58 Avenue,53.495325,-113.574977,3.053573577391519
3406,50 Street & 38 Avenue,53.470781,-113.415379,2.1227097954244405
6546,129 Street & Cumberland Road,53.605572,-113.545585,1.6892783089246033
A0689,Bellerose Dr & St Albert Trail,53.644683,-113.623127,7.746874574670776
S8013,Broadview Rd & Broadmoor Blvd,53.544806,-113.318946,5.606777610976382
A0046,Kingswood Blvd & Kingsdale Cres,53.647875,-113.588427,5.9457434084819365
ODT-2559,60 Street & 85 Avenue,53.520169,-113.425329,2.2621513012577066
5827,182 Street & 95 Avenue,53.528922,-113.638829,1.9859797089161073
S5144,Main Blvd & Menlo Cr,53.536647,-113.306172,6.814798200438177
7344,Fort Road & 125 Avenue,53.582884,-113.447576,1.3795836322998858
1754,Government Station,53.536573,-113.510224,1.5533056238651144
A0229,Westwood Dr & Windsor Cres,53.644859,-113.607704,6.841417586918412
QSTA,Stadium Station,53.560126,-113.47046,1.3245704353077414
5283,182 Street & 87 Avenue,53.521987,-113.637058,2.0162889915173565
A0118,135 Erin Ridge Dr,53.665785,-113.616108,8.62060673994591
99128,119A Street & 26 Avenue SW,53.408372,-113.538042,0.10413852236301024
S1071,Georgian Wy & Glenbrook Blvd,53.536642,-113.285806,7.960027580460557
2348,73 Street & 101 Avenue,53.541129,-113.439347,0.4847517180890754
5360,156 Street & 102 Avenue,53.543589,-113.59022,2.266368733064056
2760,109 Street & University Avenue,53.513837,-113.512186,1.1587208389116206
22045,83 Street & Wagner Road,53.497288,-113.45228,2.9554991206806425
2212,Southgate Transit Centre Bay L,53.485235,-113.516223,1.0269891999401783
7632,Victoria Trail & Hooke Road,53.584311,-113.383671,1.4809117548235136
1865,126 Street & 111 Avenue,53.558979,-113.53999,1.0619899765360552
4682,Leger Gate & Leger Way,53.455045,-113.573677,1.6299052979000406
4087,Rabbit Hill Road & Tory Gate,53.450501,-113.565705,2.324950239491845
S4935,Salisbury Wy & Rybury Ct,53.5098,-113.3061,7.2175201496103245
7065,62 Street & 146 Avenue,53.607709,-113.437402,0.7307534968631958
7879,50 Street & 162 Avenue,53.622201,-113.413698,0.6584859392327139
5030,145 Street & 80 Avenue,53.514781,-113.572378,1.5206203881734475
5171,161 Street & 87 Avenue,53.519577,-113.600539,0.7856042446971953
2015,73 Street & 90 Avenue,53.525312,-113.440468,1.2699592624036624
2111,Millgate TC on 86 Street Bay M,53.485915,-113.453407,3.441978802248987
22725,99 Street & 78 Avenue,53.513904,-113.486278,0.9663585152567997
9679,Edwards Drive & 5 Avenue SW,53.428492,-113.459275,3.425607880638
3577,Jefferys Crescent & Jamha Road,53.484659,-113.412371,3.564779764962516
8751,178 Street & 106A Avenue,53.55118,-113.627249,3.9558121247429976
ODT-8625,Bevington Place & Breckenridge Drive,53.513733,-113.685487,1.6204466634013397
2310,75 Street & 51 Avenue,53.488553,-113.442989,3.7288761232174887
5681,182 Street & 57 Avenue,53.491707,-113.637031,1.5268660613971519
8671,204 Street & 46 Avenue,53.483908,-113.67507,3.9320350123774395
7284,87 Street & 135 Avenue,53.596527,-113.474698,2.0630672278826254
4280,Ogilvie Boulevard & Omand Drive,53.464023,-113.562494,1.4943140522997411
4494,Riverbend Road & Rabbit Hill Road,53.471954,-113.594601,0.8212035868960812
4321,Bulyea Road & Burton Road S,53.475041,-113.571496,1.1006358712772577
E201,Coliseum Transit Centre Elevator,53.570963,-113.458624,0.9002668013153984
ODT-6927,156 Street & 128 Avenue,53.584958,-113.591119,3.287031319182105
2285,99 Street & 82 Avenue,53.517943,-113.485095,0.83854319633408
9486,Windermere Road & Windermere Court,53.446271,-113.614375,3.19306019193044
2889,109 Street & 76 Avenue,53.511888,-113.512241,1.2915644650446434
3906,Mill Woods Transit Centre Bay F,53.457305,-113.429858,0.364807667839705
1370,82 Street & 122 Avenue,53.576349,-113.4674,1.6137888604506863
F3024,101 Street and 98 Avenue SB,53.708013,-113.211424,15.93488090724781
ODT-1293,110 Street & 100 Avenue,53.538536,-113.510184,1.4597213744493822
5729,187 Street & 84 Avenue,53.517594,-113.644537,1.6495233015292758
2685,99 Street & 51 Avenue,53.488815,-113.485915,1.5933842185899345
5458,142 Street & 100 Avenue,53.540649,-113.565533,2.545397459585275
3459,Jackson Road & Jamha Road,53.483895,-113.410914,3.5290463486083836
1540,116 Street & 111 Avenue,53.558762,-113.520841,2.257707153250473
7047,25 Street & 142 Avenue,53.60571,-113.381033,1.4577052941746642
4096,Saddleback Road & 27 Avenue,53.459943,-113.529719,2.760454588720176
2367,81 Street & 106 Avenue,53.54926,-113.451882,1.6549308600200598
2167,75 Street & 82 Avenue,53.518111,-113.444833,1.1360478046982276
7125,74 Street & Delwood Road,53.596774,-113.454737,0.9491511976866469
3571,Grand Meadow Crescent & 38 Avenue,53.474084,-113.430591,2.089665557052799
F3003,99 Avenue and 95 Street NB,53.704374,-113.222958,15.077100531482555
Q4725,Health Sciences Jubilee Station,53.520388,-113.525818,1.8824847654797585
A0285,Hebert Rd & Sunset Blvd,53.623047,-113.607783,5.644264885873387
3283,Parsons Road & 31 Avenue,53.462637,-113.4854,2.2499122684777797
2851,116 Street & 87 Avenue,53.523009,-113.531165,2.2689436932153586
1933,124 Street & 108 Avenue,53.55286,-113.535795,1.7041964166740697
3627,Silver Berry Road & 30 Avenue,53.460332,-113.386037,1.0860636601490716
A0593,Forest Dr & Fraser Dr,53.637777,-113.594968,5.733967407457906
9479,Premium Outlet Collection Mall,53.302679,-113.556261,11.729829032541685
5017,188 Street & Lessard Road,53.484297,-113.648659,2.635146957874468
6074,100 Street & Castle Downs Road,53.628945,-113.499054,1.8746801516407954
S7524,Summerland Dr & Sunview Gate,53.558583,-113.251901,9.300374548066868
S8118,Jim Common Dr & Chancery Wy,53.549142,-113.28913,7.171728705451223
L0141,45 Street & 66 Avenue,53.281729,-113.540932,13.99696641977909
77353,75 Street & 138A Avenue,53.601379,-113.45697,0.7753333662309976
A0719,Deer Ridge Dr & Dorchester Dr,53.654312,-113.658625,10.32726824917766
1555,97 Street & 103 Avenue,53.546316,-113.487008,0.36140617788046103
ODT-6215,205 Street & Trumpeter Way,53.588593,-113.675121,7.2640096902451186
5382,135 Street & 107 Avenue,53.551085,-113.556432,1.4204143530807123
4381,Riverbend Road & Henderson Street,53.470569,-113.595408,0.8099271096684912
9042,MacEwan Close & MacEwan Road SW,53.429074,-113.523758,2.572733391663284
1717,109 Street & 107 Avenue,53.551855,-113.508277,1.545606831043147
8335,King Street & Grove Drive,53.558003,-113.896624,15.677393395857994
ODT-5477,149 Street & 93 Avenue,53.528157,-113.578083,0.9840766777803042
8967,Lakewood Drive & Lakeview Drive,53.550131,-113.699769,3.662022421862989
2702,South Campus Fort Edmonton Transit Centre Bay B,53.503406,-113.528947,2.7474731643011343
3610,Tamarack Road & Tamarack Green,53.470612,-113.363624,1.5266878302771938
4578,119 Street & 28 Avenue,53.458804,-113.537306,3.186592891708898
1562,42 Street & 114 Avenue,53.56673,-113.405799,1.1495310174597921
8040,Hilldowns Drive & Grove Drive,53.557941,-113.892419,15.40556170789911
S7910,Eton Blvd & Emerald Dr,53.566182,-113.277252,7.530242535383815
9389,91 Street & Parsons Road SW,53.419338,-113.478176,4.163959339976534
4932,Magrath Road & Massey Way,53.451229,-113.560015,2.4777014381606937
5673,184 Street & 60 Avenue,53.493893,-113.64026,1.4473115276102284
3503,32 Street & 18A Avenue,53.448695,-113.387688,1.5104393683460653
P0035,Grove Drive & Links Road,53.557998,-113.902841,16.077173770258756
3530,93 Street & 34 Avenue,53.465627,-113.474552,2.4969141491107156
4021,Whitemud Drive SB & 53 Avenue,53.490483,-113.575666,2.5165511325138734
5207,Westmount Transit Centre Bay E,53.560945,-113.555738,0.3365382683130923
77325,59A Street & 165 Avenue,53.627406,-113.431846,1.3620003895524937
7966,37 Street & 134 Avenue,53.594864,-113.397861,0.761815161646935
2611,Davies Transit Centre Bay K,53.499548,-113.443975,2.855282982545805
6433,122 Street & 137 Avenue,53.599669,-113.531925,1.2313256899056404
88170,224 Street & Secord Boulevard,53.53667,-113.70139,2.691800173906633
4522,111 Street & 37 Avenue,53.472605,-113.516078,1.10301625424028
7393,74 Street & 144 Avenue,53.606815,-113.454863,0.7095243198475981
4555,Bulyea Road & Burgess Close,53.468965,-113.572431,0.7556019531888125
4146,Terwillegar Drive & Rabbit Hill Road,53.469228,-113.579951,0.2699870739897395
99232,Chappelle Way & Cautley Crescent SW,53.400156,-113.590944,3.6423049717005873
ODT-9435,Keswick Way & Kidd Crescent SW,53.421024,-113.645554,6.6819345292881325
4329,Carter Crest Road W & Rabbit Hill Road,53.467871,-113.578517,0.3535998684073758
L0316,7 Street & 12 Avenue,53.311236,-113.522834,10.75611773743897
5900,172 Street & 64 Avenue,53.500911,-113.619951,0.5161092806991074
A0325,Arlington Dr & Hebert Rd,53.624688,-113.603905,5.572791298780034
5243,156 Street & 110 Avenue,53.556214,-113.590313,2.5569719535930644
ODT-22800,94 Street & 97 Avenue,53.536104,-113.471686,1.4267168036570272
88122,199 Street & Maskekosihk Trail,53.455554,-113.664325,5.53796438851442
S7296,Medowview Dr & Greenbriar Cr,53.542679,-113.258728,9.311338025868402
6265,129 Street & Cumberland Road,53.606931,-113.54706,1.8532672784652575
5444,156 Street & 118 Avenue,53.569673,-113.590519,2.516269796430394
2816,71 Street & Sherwood Park Freeway,53.517801,-113.437131,1.6061241106567086
A0493,St Vital Ave & Mission Pl,53.635492,-113.635333,7.931755623064823
22218,72 Street & Roper Road,53.493907,-113.436274,3.633161427002855
6852,131 Street & 137 Avenue,53.599641,-113.54747,1.0703810261769624
E225,Stanley Milner Library,53.543177,-113.489706,0.0071894068889301705
7440,61 Street & 149 Avenue,53.611135,-113.435987,1.0747165498602502
9405,156 Street & Windermere Boulevard SW,53.434152,-113.594213,3.873626258467461
A0207,Cunningham Rd & Sycamore Ave,53.629731,-113.607267,6.123778090867675
A0681,Langholm Dr & Lauriston Pl,53.644643,-113.632827,8.33301342311807
1191,111 Street & 111 Avenue,53.559004,-113.512498,1.8816700758461962
66145,128 Street & 167 Avenue WB,53.628816,-113.545284,2.390254729167909
3243,55 Street & 28 Avenue,53.459231,-113.424806,0.7628847209240552
1045,Bellamy Hill & 98 Avenue,53.535533,-113.497088,0.9872036727359053
1047,124 Street & 103 Avenue,53.544284,-113.536005,2.469278019311175
S4030,Broadmoor Blvd & Mission Dr,53.534988,-113.319841,6.213274817226511
S8706,Buckingham Dr & Lakeland Dr,53.5544,-113.3116,5.571908007719412
2885,113 Street & 65 Avenue,53.502107,-113.522652,2.552814582375822
1171,34 Street & 116A Avenue,53.568417,-113.393813,0.4199435759645268
A0086,Riel Dr & Renault Cres,53.616795,-113.647702,7.561356166308702
5963,178 Street & 68 Avenue,53.501684,-113.630731,0.3865320905835954
8109,Graham Gate & Guardian Road,53.506784,-113.666162,1.860990648566901
5224,133 Street & 118 Avenue,53.570213,-113.550891,0.7452088156408835
7790,32 Street & Kirkness Road,53.609659,-113.389553,1.2324744137009445
8172,Glastonbury Boulevard & 69 Avenue,53.502317,-113.668524,2.357746048012598
3599,67 Street & 28 Avenue,53.45832,-113.436366,0.34613981149378525
5740,189 Street & 97 Avenue,53.531917,-113.648855,1.5442220796826132
1326,34 Street & 111 Avenue,53.564509,-113.393636,0.8206728403360168
33114,Mill Woods Road & Millbourne Road West,53.47419,-113.459432,2.668478907943632
3961,25 Street & 34 Avenue,53.467266,-113.37971,1.250656688315964
7593,62 Street & 149 Avenue,53.610266,-113.438707,0.8930791296600901
ODT-88045,215 Street & Kinglet Boulevard,53.581285,-113.689172,6.592924533743303
8890,178 Street & 106A Avenue,53.550686,-113.627504,3.923306033361013
S7112,Highcliff Rd & Highcliff Ct,53.537014,-113.253543,9.863894112830621
9795,Watt Common & Watt Boulevard SW,53.421682,-113.424563,3.8138124727616804
1061,38 Street & 106 Avenue,53.559964,-113.3999,1.4407440549502946
2246,85 Street & 95 Avenue,53.531753,-113.456725,0.9347054889031203
8721,199 Street & 48 Avenue,53.485118,-113.664327,3.2794491621672908
6273,Mark Messier Trail & 142 Avenue,53.601769,-113.577348,2.632933836319737
1185,69 Street & 118 Avenue,53.570451,-113.448497,0.2288108279513616
E283,Strathern Stop West Entrance,53.531708,-113.46379,0.9588271019343481
8062,172 Street & 105 Avenue,53.548552,-113.617262,3.334250132487138
S7600,Crimson Dr & Clover Bar Rd,53.55283,-113.274848,7.947069979748939
2156,Calgary Trail SB & 51 Avenue,53.488289,-113.495592,1.1316028120155734
6314,Eaux Claires Transit Centre Bay N,53.618321,-113.490337,1.7638186240949203
1344,95 Street & 107A Avenue,53.554254,-113.483654,1.2634065994634445
1083,109 Street & Jasper Avenue,53.540827,-113.50716,1.1933575302307213
A0913,Grandin Rd & Gaspe Ct,53.616738,-113.61904,5.85471258821615
9230,Edwards Drive & 8 Avenue SW,53.4263,-113.456041,3.5486868653677948
ODT-8502,Breckenridge Drive & Brennan Crescent,53.516944,-113.687228,1.5061232547002812
5265,142 Street & 109B Avenue,53.556734,-113.565611,1.1029931527022938
7166,55 Street & McLeod Road,53.611688,-113.425286,1.6383255661554053
4138,Riverbend Square & Rabbit Hill Road,53.469481,-113.58629,0.20654227081446203
2933,116 Street & 51 Avenue,53.488393,-113.532173,2.1095413324160073
7940,Kirkness Road & 145 Avenue,53.607409,-113.395971,0.7805705959604866
6455,108 Street & 132 Avenue,53.59217,-113.507023,2.3477197359067623
3371,Mill Woods Road & 34 Avenue,53.464296,-113.450714,1.4654527768898271
7435,93 Street & 168 Avenue,53.630103,-113.484567,2.656828408500502
ODT-7147,72 Street & 129 Avenue,53.587566,-113.451773,1.8099065004615236
7342,69 Street & 140 Avenue,53.602509,-113.447897,0.1738670249145167
6650,137A Street & 160 Avenue,53.621443,-113.558464,2.8400438231877563
5465,165 Street & Stony Plain Road,53.541371,-113.606631,2.288378182213819
S6072,Oak St & Brentwood Blvd,53.530293,-113.299038,7.613658867327909
9719,James Mowatt Trail & 22 Avenue SW,53.408418,-113.531772,0.3994005010001064
8461,Lewis Estates Boulevard & Suder Greens Drive,53.519628,-113.681113,1.0087297237133006
1846,124 Street & 107 Avenue,53.551591,-113.535777,1.8082222231471328
8765,178 Street & 105 Avenue,53.548252,-113.627525,3.7171340938373816
7258,94A Street & 153 Avenue,53.614391,-113.485531,2.0637599178635404
S5040,Village Dr & Village Dr,53.516147,-113.322512,7.259526218416539
99032,Calhoun Link & Chappelle Boulevard SW,53.405754,-113.579973,2.826603424000938
ODT-33007,Maple Road & 8 Street,53.4703,-113.349248,2.0000613749377334
E266,Davies West Entrance,53.49979,-113.444228,2.824132439886988
7979,88 Street & 159A Avenue,53.620261,-113.475463,2.714444660043691
1210,Coliseum Transit Centre Bay K,53.571051,-113.459224,0.9404672749954086
A0721,Laydon Dr & Lester Cr,53.638603,-113.647452,8.775446784525943
2059,50 Street & 94B Avenue,53.534273,-113.418413,1.1218570054514507
S7436,Davenport Dr & Dawson Dr,53.555242,-113.264409,8.554725572213675
1368,Fort Road & 122 Avenue,53.577026,-113.45889,1.1641476163968207
6010,Castle Downs Transit Centre Bay J,53.616512,-113.516744,0.08672162112457313
6290,135 Street & 137 Avenue,53.599606,-113.554587,1.2954404864269535
7812,61 Street & 165 Avenue,53.627429,-113.435264,1.5878547392376838
1030,40 Street & 114 Avenue,53.566754,-113.402674,0.970994355653916
F1018,Westpark Drive and Cranberry Bend SB,53.682249,-113.265126,11.397913100793847
7082,66 Street & 130 Avenue,53.588912,-113.443036,1.6262044489786558
7652,50 Street & 129 Avenue,53.58733,-113.418455,1.9075571995371778
7102,East Clareview Transit Centre Bay L,53.601409,-113.41093,0.6065813881788271
1577,34 Street & 118 Avenue,53.569828,-113.393851,0.29854934327452937
ODT-8960,Potter Greens Drive & Pawson Cove,53.516688,-113.666863,0.7577358169729047
L0112,Alexandra Arena,53.262322,-113.551791,16.182763251715592
8405,204 Street & 46 Avenue,53.483369,-113.67549,3.9889745622522144
S8117,Jim Common Dr & Charlton Cr,53.546899,-113.289455,7.2429323054920784
L0302,5 Street & 17 Avenue,53.331028,-113.531022,8.519741117733652
ODT-4281,120 Street & 40 Avenue,53.47632,-113.541591,2.51251230399131
5656,142 Street & 92A Avenue,53.527509,-113.565809,1.6990818867585906
3066,62 Street & Mill Woods Road S,53.445867,-113.432533,1.072984853399887
88149,Granville Link & 62 Avenue,53.498042,-113.683182,3.0206483906228123
7989,84 Street & 160A Avenue,53.621568,-113.47032,2.590864469102876
5164,142 Street & 111 Avenue,53.559789,-113.565628,0.8958208649689141
1172,89 Street & 118 Avenue,53.570323,-113.477618,0.753335797190435
6488,St Albert Trail & 134 Avenue,53.59435,-113.569954,1.875738374584213
4834,Hodgson Boulevard & Hilliard Green,53.460207,-113.559455,1.8541472362801084
8224,178 Street & 102 Avenue,53.543381,-113.628072,3.357318640342984
A0371,St Vital Ave & Mural Cres,53.634042,-113.6378,7.9599120184057055
3426,Youville Drive W & 29 Avenue,53.460475,-113.430597,0.6136465861893486
ODT-66524,Hawks Ridge Boulevard North & Peregrine Terrace,53.589025,-113.697574,7.563783636238458
9787,69 Street & Stanton Drive SW,53.420146,-113.447047,4.017732384708702
1477,101 Street & 108A Avenue,53.555053,-113.493576,1.3134246047260838
2133,92 Street & 93 Avenue,53.529203,-113.468285,0.8668404082787784
A0893,Falstaff Ave & Forest Dr,53.63287,-113.600456,5.864818612486673
A0108,North Ridge Dr & Nicola Rd,53.647941,-113.671181,10.653907072791101
6404,Sir Arthur Currie Way & Greisbach Road,53.60761,-113.499875,1.4311050473011453
6105,120 Street & 175 Avenue,53.637769,-113.528988,2.584915704722674
4533,Tomlinson Way & Tomlinson Square,53.451884,-113.584966,1.8392208342608483
1891,Corona Station,53.540977,-113.505358,1.0732128027164352
1861,128 Street & 115 Avenue,53.565556,-113.54295,0.7504111732697105
6682,125 Street & Rapperswill Drive,53.632285,-113.539335,2.376730086192351
2712,South Campus Fort Edmonton Transit Centre Bay L,53.503176,-113.528779,2.755780493449075
E101,104 Street & Jasper Avenue North,53.541207,-113.499118,0.66852948967595
9200,Allan Drive & Andrews Gate SW,53.428581,-113.590479,4.229676383580185
9566,Windermere Way & Windermere Boulevard SW,53.43816,-113.61911,4.103008526332595
F5007,Southfort Drive and Greenfield Way WB,53.688265,-113.226406,13.94502363846086
L0117,Bridgewood Apt & Bridgeport Blvd,53.269611,-113.571184,15.506320938642194
7687,Clareview Road & 135 Avenue,53.596127,-113.383818,1.3206555503451651
77424,McConachie Way & McConachie Drive,53.632204,-113.424587,1.0001637719828775
6452,127 Street & 153 Avenue,53.617729,-113.541055,1.6313032877072178
E274,Avonmore Stop South Entrance,53.508249,-113.45516,1.720731012944117
22193,57 Street & 98 Avenue,53.538496,-113.426096,0.44431016518458666
1825,116 Street & 106 Avenue,53.54943,-113.521227,2.1938405529280187
7628,40 Street & 134 Avenue,53.595251,-113.4023,0.674378113956943
2282,48 Street & 107 Avenue,53.554059,-113.415633,1.9071874414269383
2380,73 Street & 90 Avenue,53.525162,-113.439362,1.3400364267435803
6473,129 Street & 149 Avenue,53.611796,-113.543971,1.8616171845634466
9684,91 Street & Parsons Road SW,53.420228,-113.477844,4.217148141754852
6145,109 Street & 132 Avenue,53.592034,-113.507819,2.2940162522912373
7170,96 Street & 153 Avenue,53.613963,-113.489164,1.8285806885828024
1205,Coliseum Transit Centre Bay E,53.570661,-113.46026,1.0076835210542232
6703,Pegasus Boulevard & Sir Arthur Currie Way,53.604813,-113.505843,1.4099206126942727
8921,Rosenthal Way & 83 Avenue,53.518277,-113.695794,1.9735334272598193
3757,Silver Berry Road E & 30 Avenue,53.461064,-113.377533,0.6183291196613798
A0505,Boudreau Rd & Sturgeon Hospital,53.653891,-113.625576,8.364552822222652
7941,50 Street & 131 Avenue,53.592379,-113.415871,1.3630796808095063
7810,59A Street & 153 Avenue,53.615745,-113.431526,1.6636860779761617
S6097,Alder Av & Alderwood Cr,53.518516,-113.286739,8.771671306509477
5946,172 Street & Lessard Drive,53.493372,-113.620655,1.211895699658099
5455,163 Street & 109 Avenue,53.553584,-113.602468,3.4139955891958698
1553,101 Street & 111 Avenue,53.559024,-113.494571,0.9805544094477892
ODT-6610,201 Street & Trumpeter Way,53.589129,-113.666013,7.305945617898367
5791,159 Street & 83 Avenue,53.516419,-113.596826,0.8692600722742624
2445,89 Street & Connors Road,53.527967,-113.463571,0.5693165483893717
2067,46 Street & 109 Avenue,53.557631,-113.414203,2.2117600416799834
6360,127 Street & 135 Avenue,53.59599,-113.541293,0.6135041796094024
ODT-9226,Blackburn Drive E Loop SW,53.428726,-113.495498,3.662686635053673
7224,Fort Road & 134 Avenue,53.594316,-113.428059,1.5509682881818918
1230,38 Street & 121 Avenue,53.575029,-113.399265,0.6895112162008987
3916,Mill Woods Transit Centre Bay P,53.457219,-113.428412,0.4428787503758216
1529,101 Street & 110 Avenue,53.557529,-113.493581,1.1008167747397433
7009,Northgate Transit Centre Bay F,53.599803,-113.489045,2.545398205436733
6227,St Albert Trail & 126 Avenue,53.582272,-113.557524,1.359753914148711
4168,Saddleback Road & 23 Avenue,53.454514,-113.525408,3.118108222568712
7491,59A Street & 162 Avenue,53.623198,-113.430196,1.358327781496781
5601,156 Street & 90 Avenue,53.522765,-113.590438,0.051359224313423685
5732,187 Street & 84 Avenue,53.517683,-113.645468,1.589002877084985
A0557,Harwood Dr & Hampton Cres,53.607641,-113.631791,6.219398193927987
4481,105 Street & 23 Avenue,53.45379,-113.500875,2.8679680173893165
6621,127 Street & 137 Avenue,53.599641,-113.538956,1.0405348367693572
2132,96 Street & 75 Avenue,53.511607,-113.476407,1.6483287541980276
3854,Mill Woods Road & 23 Avenue,53.453249,-113.449417,1.0283885903039471
1035,107 Street & Jasper Avenue,53.54083,-113.504007,0.9905198794083627
ODT-33006,Maple Road & 6 Street,53.470684,-113.349395,2.0239761431772902
7837,Hyndman Crescent E Ent & Hermitage Road,53.579109,-113.377271,1.2091958342994036
3405,Parsons Road & 25 Avenue,53.454159,-113.479299,2.9874003663753648
3663,34 Street & 34 Avenue,53.464034,-113.393733,1.7124823301515981
A0611,St Albert Trail & Giroux Rd,53.6524,-113.629155,8.488463294730533
8425,Glastonbury Boulevard & 62 Avenue,53.494528,-113.668906,3.0227448668892407
3091,97 Street & 34 Avenue,53.466758,-113.479721,2.1522001748010826
77187,Ebbers Boulevard & 144 Avenue,53.60727,-113.406414,0.7319414132777446
6261,131 Street & 155 Avenue,53.617887,-113.545672,1.9365403491761497
1059,103 Street & 118 Avenue,53.570256,-113.496835,0.7551967150163247
ODT-6109,104 Street & Castle Drive,53.642736,-113.499208,3.2186248591045623
7292,85 Street & 130 Avenue,53.589088,-113.470403,2.2818458041068594
A0365,Willoughby Dr & Waverly Dr,53.648783,-113.597217,6.4765701212357625
5530,182 Street & 97A Avenue,53.533384,-113.636568,2.319599300172663
S9029,Nottingham Blvd & Clover Bar Rd,53.515886,-113.272367,9.195609402102916
6240,140 Street & 137 Avenue,53.599319,-113.561799,1.6171420602017104
5527,142 Street & 96 Avenue,53.533339,-113.56569,1.9879486853275081
QBAY,Bay Enterprise Station,53.54091,-113.497985,0.6112453885337776
22350,17 Street & Whitemud Drive,53.485103,-113.369024,3.0731936741244836
6643,123A Street & 140 Avenue,53.602173,-113.537412,1.3383698246895626
2669,104 Street & 80 Avenue,53.51573,-113.49776,0.41503874639801636
5166,142 Street & 111 Avenue,53.557738,-113.565963,1.0446413273969992
9830,Stanton Drive & 12 Avenue SW,53.422883,-113.455164,3.878227130525782
S1085,Georgian Wy & Gillingham Cr,53.535454,-113.290354,7.76643127279157
6856,139 Street & 153 Avenue,53.614552,-113.559514,2.8408630253354783
5355,163 Street & 92 Avenue,53.525775,-113.602933,0.8783008963317047
77446,Cy Becker Boulevard & 167 Avenue,53.627053,-113.401382,0.6621838606684146
5587,149 Street & 97 Avenue,53.534231,-113.578086,1.4720698637606764
44155,Carter Crest Way & Lawrence Court,53.46139,-113.57637,0.921484948483495
22044,117 Street & 51 Avenue,53.488179,-113.534461,2.2343378560798777
5809,178 Street & Callingwood Road,53.495701,-113.629405,0.9248991552709305
9833,88 Street & 14 Avenue SW,53.420433,-113.467176,4.464730853724928
7882,91 Street & 132 Avenue,53.59219,-113.482674,2.744543695412409
3411,23 Street & 37A Avenue,53.472989,-113.37697,1.7781767660966363
99081,Keswick Link & 28 Avenue SW,53.410294,-113.626325,5.910686488767777
6606,Castle Downs Road & 139 Avenue,53.604018,-113.516869,1.3042354438566368
5113,142 Street & 111 Avenue,53.558983,-113.566892,1.013581655471912
4935,156 Street & South Terwillegar Boulevard,53.441376,-113.590147,3.0366887779717953
5974,176 Street & 76 Avenue,53.509086,-113.626981,0.5946442748033799
1354,95 Street & 105 Avenue,53.549318,-113.481179,0.859491527844293
S6054,Oak St & Glenmore Av,53.525954,-113.308772,7.432369981803275
ODT-66022,211 Street & Trumpter Way,53.58829,-113.682282,7.279563954934887
3608,12 Street & Tamarack Green,53.47027,-113.36003,1.5788040672144272
3464,38 Street & Kiniski Crescent N,53.482107,-113.401207,3.4186412233965155
7164,66 Street & 140 Avenue,53.601823,-113.443166,0.24893186625449018
5966,189 Street & 89 Avenue,53.52403,-113.649392,1.1927898743817895
7201,Belvedere Transit Centre Bay A,53.58796,-113.434557,1.8754251794583834
3965,23 Street & 34 Avenue,53.46767,-113.378249,1.2462553193410084
S6126,Alder Av & Brentwood Blvd,53.515826,-113.294223,8.227854922302651
7531,Fort Road & 133 Avenue,53.592806,-113.430138,1.5718865674555356
9527,McMillian Way & MacEwan Road SW,53.429321,-113.531474,2.4643219710133994
6306,Eaux Claires Transit Centre Bay F,53.618142,-113.490551,1.7466862501026403
8945,215 Street & 103 Avenue,53.544712,-113.688577,2.7493540081036634
A0973,St. Albert Centre Exchange,53.640093,-113.623818,7.591768198817451
6278,113A Street & 137 Avenue,53.59885,-113.516836,1.8793758232118234
5378,155 Street & 76 Avenue,53.507824,-113.588687,1.7179299633365055
4122,Reeves Way & Rabbit Hill Road,53.470555,-113.589715,0.46232983535313993
5151,165 Street & 93 Avenue,53.529039,-113.607869,1.3269426479433177
5222,176 Street & 98A Avenue,53.534154,-113.625585,2.6312554164082784
3090,58 Street & 23 Avenue,53.453477,-113.429544,0.3887819894069252
6288,Dunvegan Road & 131 Avenue,53.590474,-113.559524,1.1359732137688017
9238,59 Street & 3 Avenue SW,53.430201,-113.432582,2.812025556590252
77338,55 Street & McConachie Drive,53.63124,-113.41759,0.5560711609698512
S7119,Highland Wy & Heritage Dr,53.533654,-113.254148,9.979942185561265
2154,65 Street & 104 Avenue,53.547023,-113.430913,0.7787869887898485
S1030,Georgian Wy & Groveland Rd,53.533008,-113.279247,8.538474919749257
E267,Davies East Entrance,53.499876,-113.443985,2.8209834640994385
22662,75 Street & 86 Avenue,53.521489,-113.442728,1.1266422778027623
22220,50 Street & 101 Avenue,53.539314,-113.418327,0.9271517019758582
1851,109 Street & 102 Avenue,53.543295,-113.508238,1.2308889414765536
A0925,St Albert Trail & Save On Foods North,53.661059,-113.631206,9.103543838923665
2091,99 Street & 45 Avenue,53.482884,-113.48629,1.2427926064896249
7674,84 Street & 160 Avenue,53.620809,-113.470801,2.546206266359693
9043,James Mowatt Trl & Rutherford Road SW,53.421123,-113.517359,2.0276446453684307
8307,178 Street & 114 Avenue,53.56353,-113.627198,4.859128867569466
1853,50 Street & 124 Avenue,53.581258,-113.418121,2.1168398680436096
1360,101 Street & 107 Avenue,53.550925,-113.493848,0.8732740928773276
7450,64 Street & 160 Avenue,53.621374,-113.43824,1.9277394010243876
88154,Granville Drive & Glastonbury Boulevard,53.505094,-113.685288,2.367950995834607
9797,Graydon Hill Boulevard & Ellerslie Road SW,53.424821,-113.555288,2.2611305680916627
99036,52 Street & 22 Avenue SW,53.413909,-113.420898,4.708727362824693
33030,24A Street & 14 Avenue,53.441403,-113.376553,1.8379387384187262
S4939,Salisbury Wy & Mitchell St,53.5107,-113.3002,7.534237996516702
55388,178 Street & 95 Avenue,53.528581,-113.631566,2.440099468603301
5822,178 Street & 76 Avenue,53.509526,-113.631106,0.7223425847431515
2356,87 Street & 58 Avenue,53.493861,-113.457384,3.3018296934723756
S7509,Summerwood Blvd & Clover Bar Rd,53.560408,-113.272791,7.90137457367069
3111,92 Street & 28 Avenue,53.458818,-113.471182,2.4732887427110697
1078,St Albert Trail & 114 Avenue,53.563605,-113.544485,0.6216941429306049
99034,Chappelle Green & Cooke Lane SW,53.404401,-113.586385,3.264583318169719
6589,127 Street & 148 Avenue,53.610778,-113.541127,1.7123765051257054
11361,82 Street & 117 Avenue,53.569082,-113.467427,1.3359057615164713
1515,Churchill Stop,53.543464,-113.490133,0.030581006015490707
3697,50 Street & Whitemud Drive,53.486669,-113.417643,3.6485047979475063
3534,76 Street & 38 Avenue,53.474014,-113.447802,2.2507273481220236
6783,115 Street & 174 Avenue,53.636697,-113.524677,2.3928926358993743
4941,Magrath Road & 23 Avenue,53.452818,-113.559836,2.352051480874378
7909,West Clareview Transit Centre Bay B,53.602417,-113.412277,0.7066109588032671
5443,Tweedsmuir Crescent & 102 Avenue,53.542975,-113.552338,2.315011368769736
6848,130A Street & 162 Avenue,53.623804,-113.548244,2.2763505772640134
8042,Suder Greens Drive & Webber Greens Drive,53.523998,-113.673464,0.40915243877596497
A0195,Sunset Blvd & Sunnyside Cres,53.624212,-113.609413,5.810242250373696
A0316,Riverside Dr & Red Fox Way,53.632751,-113.652691,8.683943231606696
ODT-9801,Keswick Way & Keswick Boulevard SW,53.419093,-113.646375,6.885646066195897
ODT-2958,126 Street & 63 Avenue,53.500204,-113.545663,3.5943338110430014
S7873,Lakeland Dr & Axbridge Gate,53.5555,-113.288401,7.002428488333783
A0103,Mission Ave & Morgan Cr,53.636865,-113.643715,8.461588030109423
4042,Riverbend Road & Rabbit Hill Road,53.47154,-113.593198,0.7173842242174334
88109,199 Street & 31 Avenue,53.462796,-113.664589,5.228130989937961
9627,Watt Boulevard & Welsh Drive SW,53.420796,-113.436134,3.857971679290472
3298,34 Street & 38 Avenue,53.473018,-113.395137,2.3839946157038208
6521,121 Street & 148 Avenue,53.610164,-113.531951,1.1883815956727224
7389,62 Street & 132 Avenue,53.592183,-113.436146,1.4050362781767394
8817,175 Street & Stony Plain Road,53.541898,-113.622709,2.9846943986077097
55490,Willow Court & 69 Avenue,53.503016,-113.637604,0.7696402129471291
L0208,Discovery Way by Rona,53.266348,-113.571299,15.866840158380503
9134,66 Street & Stanton Drive SW,53.420626,-113.443443,3.921658633141635
9163,Callaghan Drive & Callaghan Point SW,53.412857,-113.521996,1.1960635050734925
L0365,11 Street & 37 Avenue,53.385392,-113.506707,3.2027593373358862
2668,109 Street & 70 Avenue,53.506242,-113.512184,1.7647081562333056
A0671,Erin Ridge Rd & Erin Ridge Dr,53.657727,-113.625039,8.559133927142813
1347,66 Street & 112 Avenue,53.564483,-113.439693,0.7657908681169624
9569,Windermere Way & Windermere Boulevard SW,53.437435,-113.619306,4.176794497642116
1244,82 Street & Jasper Avenue,53.5575,-113.467184,1.6711259572977242
5408,156 Street & 118 Avenue,53.571041,-113.590225,2.5418350129202674
2859,99 Street & 63 Avenue,53.501089,-113.486082,2.179480746979897
2824,99 Street & 83 Avenue,53.518957,-113.486016,0.7623970430433565
9747,Edmonton International Airport,53.307434,-113.583618,11.548838031853851
1793,126 Street & 107 Avenue,53.55105,-113.539804,1.6934623538983014
3253,57 Street & 38 Avenue,53.472849,-113.427055,1.9971645504046676
5562,144 Street & 80 Avenue,53.514781,-113.569195,1.6916288789657097
1321,100 Street & 102 Avenue,53.543175,-113.490524,0.06092983326549601
4298,109 Street & 32A Avenue,53.463716,-113.511372,1.8199588946747582
8468,Grove Drive & Calahoo Road,53.558007,-113.910778,16.588831828846864
1040,97 Street & 118 Avenue,53.57086,-113.49201,0.5671913961610713
6834,132 Street & 165 Avenue,53.626688,-113.550915,2.575186132172842
5770,185 Street & 77 Avenue,53.510476,-113.643814,1.3936575348449542
1541,Fort Road & William Short Road,53.579028,-113.456184,1.1949948876973253
6189,102 Street & 132 Avenue,53.591978,-113.49503,2.8660409703730974
A0749,Heritage Dr & Hardcastle Pl,53.607712,-113.628168,5.994047458039503
1983,105 Street & 104 Avenue,53.545845,-113.501214,0.808959910777934
3146,42 Street & Mill Woods Road S,53.442967,-113.407592,2.257417375635719
6205,115 Street & 175 Avenue,53.637537,-113.52534,2.493892911717321
4348,111 Street & 12 Avenue,53.442959,-113.5188,4.141041812331873
77859,Ebbers Boulevard & Ebbers Crescent,53.611318,-113.400057,1.1205024441606422
8580,199 Street & 45 Avenue,53.483585,-113.664675,3.4073909231559103
8601,Lewis Farms Transit Centre Bay A,53.523213,-113.667136,0.03405101387107129
1093,103 Street & 118 Avenue,53.570418,-113.498019,0.8316651298936795
S7195,Highland Wy & Highcliff Rd,53.539535,-113.256444,9.578779083383571
1497,119 Street & 111 Avenue,53.558997,-113.527441,1.8292360517079693
2690,109 Street & 82 Avenue,53.517644,-113.512239,0.9995279180213971
7265,66 Street & 137 Avenue,53.598851,-113.443142,0.53889099567424
3274,44 Street & 41 Avenue,53.476354,-113.407185,2.9457188820828
A0027,Granite Ave & Grosvenor Blvd,53.618334,-113.622677,6.151980315410211
8372,Calahoo Road & McLeod Avenue,53.542236,-113.911084,16.29528918903371
1025,84 Street & 118 Avenue,53.570329,-113.46987,1.2171842236625094
A0775,Larose Dr & Larkspur Cr,53.64267,-113.648799,9.126975053486637
4422,116 Street & 43 Avenue,53.48026,-113.532207,1.86654494444028
3670,Hewes Way & 23 Avenue,53.45414,-113.423577,0.7321627753238386
5868,189 Street & 85 Avenue,53.51839,-113.648638,1.364978219947033
9780,James Mowatt Trail & 30 Avenue SW,53.404965,-113.536626,0.2868439673785098
A0404,LeClair Way & Richardson Dr,53.606371,-113.643127,6.900189269645401
8704,Lewis Estates Boulevard & Suder Greens Drive,53.517569,-113.680477,1.0917288166923
3488,97 Street & 34 Avenue,53.466885,-113.478718,2.193711052288879
1578,56 Street & 112 Avenue,53.567182,-113.427104,1.2476473830885526
9631,Rabbit Hill Road & Ellerslie Road SW,53.427112,-113.587998,4.002004153526058
7230,74 Street & 144 Avenue,53.606544,-113.454726,0.6861476460762722
2326,46 Street & 107 Avenue,53.554439,-113.412864,2.051569899428144
6031,Beaumaris Road & 158 Avenue,53.619039,-113.5029,0.9803620397427942
9766,66 Street  & Shaw Way SW,53.41464,-113.443464,4.5812930352951104
7186,69 Street & 144 Avenue,53.60473,-113.444651,0.16259026991375247
1486,63 Street & 112 Avenue,53.565615,-113.434315,0.9006621446666724
1071,38 Street & 109 Avenue,53.562528,-113.399892,1.1892264753422637
77346,Manning Drive & 153 Avenue,53.614679,-113.404239,1.49777871989302
4472,South Park Centre North Entrance,53.473819,-113.49536,0.8580641237056592
7560,26 Street & 146 Avenue,53.610151,-113.378506,1.827885795534016
1842,110 Street & 107 Avenue,53.551488,-113.510787,1.6590614729701891
A0823,Langholm Dr & Lennox Dr,53.64827,-113.631782,8.434251104079017
4139,117 Street & 41 Avenue,53.478692,-113.534553,2.0222780728275795
77622,58 Street & 137 Avenue,53.599632,-113.431485,1.0364214744496663
ODT-2223,48 Street & 92 Avenue,53.527361,-113.410938,1.9996924787233121
77269,66 Street & 158 Avenue,53.619889,-113.44269,1.8429943459362692
4651,Rabbit Hill Road & Maynard Way SW,53.441572,-113.565424,3.2243344412303494
ODT-2805,Girard Road & 76 Avenue,53.512177,-113.435467,2.0258916341294246
3544,37 Street & 28A Avenue,53.457718,-113.397811,1.8216711683498508
1389,77 Street & 120 Avenue,53.57361,-113.459791,1.0331271020518054
99076,141 Street & Dixon Landing SW,53.399358,-113.558597,1.66525604336202
A0329,Arlington Dr & Alderwood Blvd,53.626942,-113.593319,5.22528810894346
4580,105 Street & 25 Avenue,53.456058,-113.501873,2.6117069024371626
5912,178 Street & 96 Avenue,53.531362,-113.630168,2.6170442820371083
A0541,Nakî Transit Station and Park and Ride,53.615613,-113.593055,4.365879926257764
9229,Rutherford Road & 18 Avenue SW,53.416814,-113.535396,1.0488196475433296
2717,Avonmore Stop,53.510363,-113.455086,1.4899971711348365
5653,178 Street & 87 Avenue,53.520643,-113.630741,1.9031899583512575
9708,Windermere Way & Wates Link SW,53.433091,-113.618376,4.5523213314005
7149,66 Street & 149 Avenue,53.609777,-113.443019,0.72941567669603
2882,112 Street & 87 Avenue,53.522951,-113.521708,1.6533883393340754
4624,Riverbend Road & Heath Road S,53.461185,-113.594029,1.052657541505354
3062,Knottwood Road E & Mill Woods Road S,53.445955,-113.442773,1.1943189182661484
9311,Watt Drive & Weidle Crescent SW,53.413903,-113.437549,4.628155741604636
5961,178 Street & 98A Avenue,53.534782,-113.627967,2.8036409398252933
88702,Secord Boulevard & Secord Gate,53.532665,-113.707285,2.838099237477312
2959,113 Street & 72 Avenue,53.50794,-113.524197,2.1871930722031885
7026,66 Street & 130 Avenue,53.58939,-113.442812,1.5751281229501743
7730,Ozerna Road & 159A Avenue,53.621708,-113.447306,2.0365903397814615
1917,Clifton Place & 102 Avenue,53.542945,-113.53879,2.522423733532751
S5138,Main Blvd,53.537009,-113.308127,6.6855639820721935
22080,97 Street & 56 Avenue,53.491484,-113.479523,2.1093981442291803
ODT-9223,103A Street & Cashman Crescent SW,53.421206,-113.495825,3.168278244095602
A0887,Boudreau Rd & Akins Dr,53.635943,-113.583195,4.944933545603693
7032,91 Street & Klarvatten Road,53.630414,-113.481434,2.8448623635849444
S4202,Ordze Transit Centre,53.513318,-113.330812,6.74476645907088
7101,East Clareview Transit Centre Bay K,53.601549,-113.410703,0.5920744895528077
77272,87 Street & 180 Avenue,53.64198,-113.472369,4.136135516533021
1167,97 Street & 106 Avenue,53.550475,-113.488713,0.7807728915993244
6375,120 Street & 139 Avenue,53.601344,-113.528027,1.5343697763089774
5471,Walker Road & Wanyandi Road S,53.497696,-113.611768,1.1654574980279568
7743,97 Street & 160 Avenue,53.621149,-113.490621,1.8237344652631735
7757,50 Street & 134 Avenue,53.594621,-113.4144,1.1190261796561043
6181,107 Street & 129 Avenue,53.587496,-113.504565,2.525829537137028
A0292,Jensen Gate & Alliance Church,53.659441,-113.652068,10.193672660566943
A0211,Hebert Rd & Cunningham Rd,53.629548,-113.599443,5.690871375401504
2093,63 Street & 101 Avenue,53.541109,-113.429041,0.24229633998578412
7771,Hyndman Crescent & Hermitage Road,53.579504,-113.380173,1.1117822336103218
7050,95 Street & 178A Avenue,53.640491,-113.488216,3.335549422800947
3820,25 Street & 34 Avenue,53.466499,-113.381637,1.2493047718003618
77677,Cy Becker Boulevard & 171A Avenue,53.633614,-113.403369,0.8201370334163333
1679,105 Street & 104 Avenue,53.546114,-113.500398,0.7689007073759508
3435,Youville Drive W & 31 Avenue,53.462708,-113.432389,0.8191113675205314
8937,Hemingway Road & 57 Avenue,53.492847,-113.682438,3.5542397655997333
5728,170 Street & 100 Avenue,53.53921,-113.616393,2.4770169714042214
5836,Mayfield Common,53.543643,-113.612489,2.703483949651195
9275,Chappelle Boulevard & Carey Way  SW,53.408002,-113.571471,2.2553339551882243
3580,Jackson Road & Jellett Way,53.484118,-113.403592,3.6927087320603182
8111,184 Street & 105 Avenue,53.548968,-113.639653,3.378451847237167
S8811,Strathmoor Dr,53.565967,-113.325449,4.358633205865412
2529,79 Street & 101 Avenue,53.541167,-113.448615,1.0915025199118278
2625,114 Street & 87 Avenue,53.522356,-113.525439,1.88232924423989
Q3561,Government Station,53.536573,-113.510249,1.554764349096343
6396,117 Street & 139 Avenue,53.601662,-113.521169,1.5948698927089322
6822,Hudson Road & 142 Avenue,53.604271,-113.559657,1.9115595295110954
8752,178 Street & 102 Avenue,53.542861,-113.627571,3.2940110015142126
99009,Duke Crescent & Desrochers Boulevard SW,53.397409,-113.554639,1.5953986983692394
28356,106 Street & 53 Avenue,53.49012,-113.504279,1.1835496116628685
4090,109 Street & 16 Avenue,53.446571,-113.50831,3.6738284140137756
9945,DL MacDonald Platform,53.595045,-113.422187,1.5206200710782105
3004,Lakewood 3004,53.458568,-113.444795,0.774264221087961
9150,MacEwan Road & Marion Place SW,53.427328,-113.535223,2.2144658008860363
6039,100 Street & 158 Avenue,53.619115,-113.496269,1.39912218762153
1066,Groat Road & 118 Avenue,53.570371,-113.547421,0.8510908643833416
5055,142 Street & McQueen Road,53.555514,-113.565955,1.217897845105336
55020,159 Street & 81 Avenue,53.515497,-113.596599,0.953423269106739
A0032,Oakmont Dr & Oakdale Pl,53.660822,-113.608258,7.868179309494331
5492,149 Street & Stony Plain Road,53.540341,-113.578192,2.06971182237757
A0055,SWC Ave & Gatewood Ave,53.621808,-113.641165,7.409235980161882
6561,Castle Downs Road & 157 Avenue,53.619313,-113.518682,0.42060570324705066
7244,64 Street & Fort Road,53.586496,-113.440228,1.7999686784035074
A0257,SWC Ave & Brunswick Cr,53.639743,-113.603755,6.353128818668328
6613,139 Street & 153 Avenue,53.614121,-113.560176,2.8796260009207235
1618,127 Street & 119 Avenue,53.572203,-113.541072,1.265796624136954
4179,Saddleback Road & 27 Avenue,53.459241,-113.530156,2.840004979616071
2593,85 Street & 82 Avenue,53.517959,-113.45777,0.6262935673591311
7113,50 Street & 165 Avenue,53.626428,-113.411881,0.17293165081230513
1432,54 Street & 122 Avenue,53.576479,-113.424688,1.5001602126498619
77129,89 Street & 180 Avenue,53.641342,-113.476819,3.8807663535961407
5428,142 Street & 115 Avenue,53.565553,-113.56568,0.808041985325353
A0487,St Albert Trail & Bellerose Dr,53.644974,-113.626298,7.951308389679919
73306,Clareview Station Drive & 144 Avenue,53.606461,-113.406822,0.6645093176155097
4358,1200 Carter Crest Road,53.462941,-113.581247,0.6296000090198095
A0757,Harwood Dr & Harnois Pl,53.61265,-113.634786,6.5954180990124085
3629,50 Street & 31 Avenue,53.46227,-113.420605,1.1891918446998735
2590,85 Street & 82 Avenue,53.518094,-113.458877,0.6030610369700838
1282,32 Street & 107A Avenue,53.561455,-113.389295,1.1375649412694449
6872,170 Street & 132 Avenue,53.591903,-113.615331,4.833760731517574
6760,St Albert Trail & 136 Avenue,53.597085,-113.573087,2.161365490271902
5076,156 Street & 84 Avenue,53.516844,-113.590426,0.7102823142542358
9354,127 Street & 20 Avenue SW,53.414375,-113.540859,0.7979498553176632
3872,313 Silver Berry Road,53.463426,-113.377045,0.793813950838958
2301,Capilano Transit Centre Bay A,53.538703,-113.423246,0.6163129770004663
5208,Westmount Transit Centre Bay F,53.561125,-113.555736,0.3179520243325692
8856,218 Street & Rosenthal Link,53.52294,-113.692283,1.6544938014585775
7018,McConachie Boulevard & 176 Avenue,53.638419,-113.426899,1.558172706423084
S9225,Regency Dr & Ridgeland Cr,53.518278,-113.253156,10.310554884686242
22159,116 Street & 68 Avenue,53.505258,-113.531379,2.7484862981654525
1211,Coliseum Transit Centre Bay M,53.571155,-113.458545,0.8963089553383907
L0156,45 Street & 70 Avenue,53.287792,-113.541621,13.323146188915729
5034,156 Street & 118 Avenue,53.570315,-113.588641,2.4169992756859067
6535,Dunvegan Road & 131B Avenue,53.592034,-113.559689,1.1592625523739637
7816,60 Street & 165 Avenue,53.627287,-113.431545,1.3427592090737575
E288,Quarters Stop West Entrance,53.544391,-113.484025,0.3877917392160465
2861,109 Street & 76 Avenue,53.512715,-113.511856,1.213339042118271
2081,94 Street & 66 Avenue,53.502951,-113.472291,2.442716170624305
9982,McKernan Belgravia Station,53.513445,-113.526163,2.016825714539747
ODT-88304,Edworthy Way & Edgemont Boulevard,53.467507,-113.673958,5.1373587653849055
QBEL,Belvedere Station,53.588187,-113.433239,1.8889473816198123
S7526,Summerland Dr & Lakeland Dr,53.556318,-113.252955,9.274696414423188
6334,115 Street & 129 Avenue,53.587528,-113.519709,1.5369298847466306
L0349,5 Street & 23A Avenue,53.347271,-113.531394,6.7134514633608235
5984,186 Street & 57 Avenue,53.492552,-113.64377,1.7140512512446828
3198,99 Street & 36 Avenue,53.470522,-113.485953,1.5654854788884114
5093,149 Street & 97 Avenue,53.534964,-113.577884,1.5477507417521617
2337,Calgary Trail SB & 51 Avenue,53.488025,-113.494298,1.1525993476459346
ODT-1656,127 Street & 109A Avenue,53.555767,-113.54065,1.2479022995132727
6332,148 Street & 129 Avenue,53.5876,-113.574191,2.1320784644672424
6736,116 Street & 137 Avenue,53.599649,-113.521997,1.6890312869068096
3440,Parsons Road & 21 Avenue,53.451492,-113.482586,3.232500069875827
9426,119A Street & 26 Avenue SW,53.409496,-113.537124,0.22631180061296408
6426,127 Street & 133 Avenue,53.593484,-113.541277,0.33826053538503403
A0419,Deerbourne Dr & Delorme Pl,53.654798,-113.633334,8.85955444238843
77840,66 Street & 174 Avenue,53.636361,-113.442709,2.2806546819801254
2822,112 Street & 86 Avenue,53.5215,-113.520718,1.5580356348484323
5227,156 Street & 105 Avenue,53.54835,-113.590488,2.796226279390161
4328,Ockenden Place & Ogilvie Boulevard,53.464034,-113.563435,1.4349547225615262
7138,93 Street & 137 Avenue,53.598034,-113.485314,2.6854154156221197
A0847,Erin Ridge Dr & Ellesmere Dr,53.655814,-113.62433,8.405112185146676
4755,Riverbend Road & Heath Road N,53.464419,-113.593719,0.7952317123588726
4643,Rabbit Hill Road & Terwillegar Boulevard,53.444306,-113.565709,2.937071411803376
8163,215 Street & Westview Boulevard,53.552863,-113.690698,3.616963624071721
3037,82 Street & Knottwood Road S,53.442538,-113.457279,2.0923757745890534
1450,34 Street & 106 Avenue,53.560007,-113.393654,1.3120214601562465
S7857,Aspen Tr & Eton Blvd,53.561418,-113.277114,7.600959818946383
6126,118 Street & 134 Avenue,53.594847,-113.524706,1.2650250389222366
E50,Empire Building LRT Access,53.541281,-113.493566,0.3385671330295032
A0995,Kirkwood Dr & Poirier Ave,53.642821,-113.590213,5.725655786176735
E84,,53.524656,-113.522903,1.7827661004703468
3496,47 Street & 38 Avenue,53.469969,-113.413831,2.115575569261999
1782,128 Street & 111 Avenue,53.55898,-113.54319,0.8847496650980858
A0795,Giroux Rd & Lacombe Dr,53.646257,-113.66168,10.041155099568359
A0855,Waverly Dr & Willoughby Dr,53.649047,-113.59652,6.455488740950024
1112,Kingsway RAH Transit Centre Bay F,53.558464,-113.501167,1.3002655607218034
6677,156 Street & 131 Avenue,53.59041,-113.589535,3.123246575707083
ODT-9968,Blackmud Creek Crescent & Blackmore Court SW,53.419163,-113.507456,2.3874725097665874
1182,57 Street & 118 Avenue,53.570283,-113.428809,1.0764580719779009
2032,75 Street & 94B Avenue,53.532248,-113.442298,1.0961840531804028
S8113,Jim Common Dr & Crystal Ln,53.546706,-113.292703,7.052788592681052
5146,142 Street & 104 Avenue,53.545936,-113.565611,2.130572225308251
2191,79 Street & 95 Avenue,53.53347,-113.448702,1.3149358936231748
2387,96 Street & 66 Avenue,53.502844,-113.475582,2.3512572830406495
S8205,Bethel Transit Terminal,53.542739,-113.306178,6.450555616184367
ODT-66996,184 Street & 127 Avenue,53.583623,-113.639873,6.11158753111288
1899,109 Street & 111 Avenue,53.559336,-113.508268,1.6177272213714706
2774,50 Street & Roper Road,53.494815,-113.418339,4.196118694858904
E109,103 Street & Jasper Avenue South,53.540546,-113.497507,0.6014426483851936
4696,Lamb Crescent & Leger Way,53.456706,-113.566808,1.7208088108305335
9051,101 Street & Ellerslie Road SW,53.424697,-113.488511,3.7830418915617243
7070,57 Street & 144 Avenue,53.606776,-113.428811,1.183187626268436
ODT-9237,109 Street & Blackburn Drive W SW,53.431042,-113.510138,3.1941499095763803
4208,Century Park Transit Centre Bay H,53.456545,-113.515504,2.6627606149461283
4763,Leger Way & Leger Road,53.458415,-113.577508,1.1859258762247824
S7903,Emerald Dr & Ellesmere Ln,53.567256,-113.283386,7.1159605628828135
4632,Magrath Road & 23 Avenue,53.45391,-113.561503,2.1876312931285535
5999,184 Street & Callingwood Road,53.495627,-113.640776,1.3316340639457347
5160,142 Street & 116 Avenue,53.568048,-113.565721,0.9194407758560371
S4933,Salisbury Wy & Wye Rd,53.5114,-113.308,7.289439690566094
9210,121 Street & 22 Avenue SW,53.411486,-113.537417,0.4459581890755514
1225,55 Street & 118 Avenue,53.570301,-113.425788,1.2764662150137993
2794,103 Street & 63 Avenue,53.499741,-113.492644,2.217461402534924
5448,161 Street & 109 Avenue,53.55395,-113.598683,3.164161317085168
4277,117 Street & 40 Avenue,53.476423,-113.535645,2.1204846650834104
9838,119 Street & Rutherford Road SW,53.423002,-113.528541,1.8288301009387158
6421,102 Street & 127 Avenue,53.584875,-113.495998,2.110422446637423
7933,40 Street & 137 Avenue,53.596982,-113.402313,0.48215225349400603
2277,50 Street & 90 Avenue,53.522119,-113.419443,2.171117727112186
1533,106 Street & 113 Avenue,53.563074,-113.503292,1.1398705241574796
5385,St Albert Trail & 122 Avenue,53.573245,-113.551379,1.0689104000314371
9037,Stanton Drive & 13 Avenue SW,53.421694,-113.454361,3.9840616979934507
99249,119A Street & 34 Avenue SW,53.403525,-113.545697,0.6971067157014621
S8201,Bethel Transit Terminal,53.542782,-113.307397,6.378253031940891
A0060,Kingswood Blvd & Kingsway Dr,53.651683,-113.584421,6.009554354289102
ODT-66023,211 Street & Trumpter Way,53.588478,-113.683214,7.308920294526263
9531,88 Street & Summerside Drive SW,53.420883,-113.467378,4.427716359880623
1201,Coliseum Transit Centre Bay A,53.570794,-113.458977,0.9229519929631813
2224,88 Street & 66 Avenue,53.502959,-113.466553,2.335674865361527
11334,102 Street & 104 Avenue,53.546309,-113.495024,0.47407778101426956
77691,Cy Becker Boulevard & 168A Avenue SB,53.628709,-113.400399,0.7248751583070369
2045,83 Street & 73 Avenue,53.509856,-113.454768,1.5494458002239593
7623,40 Street & 137 Avenue,53.597325,-113.402692,0.4468282588628555
7001,Northgate Transit Centre Bay A,53.599882,-113.490955,2.449938986639735
5182,142 Street & 95 Avenue,53.531111,-113.565682,1.8593298244133227
3787,32 Street & 15 Avenue,53.441795,-113.387889,2.0994405506416087
3121,Hewes Way & 28 Avenue,53.458328,-113.428492,0.505897747598197
QGOV,Government Station,53.535885,-113.510327,1.5969827356841957
F3009,101 Street and 99 Avenue NB,53.710491,-113.213583,15.973497074170263
ODT-99058,38 Street & Charlesworth Drive SW,53.429681,-113.399268,3.642734935158342
8450,204 Street & Hemingway Road,53.487448,-113.67285,3.596791409142459
2893,107 Street & 82 Avenue,53.518192,-113.506744,0.6303801729063666
5099,145 Street & 118 Avenue,53.570342,-113.570539,1.325854917860801
6253,119 Street & 129 Avenue,53.587639,-113.527168,1.0562759230943024
1263,95 Street & 122 Avenue,53.576684,-113.487772,1.1169335691531777
7994,50 Street & 153 Avenue,53.615727,-113.416753,1.4067128363269081
4332,122 Street & Whitemud Drive,53.482565,-113.541475,2.503359877852695
5333,167 Street & 118 Avenue,53.570593,-113.609657,3.7740154014927554
6101,Veterans Way & 153 Avenue,53.614069,-113.513302,0.28811529089745946
4486,113 Street & 34 Avenue,53.466226,-113.525318,2.03931003635548
7298,66 Street & 158 Avenue,53.619407,-113.441965,1.7958021665984973
A0677,Langholm Dr & Lucien Dr,53.65063,-113.633634,8.659443652244445
4213,Century Park Transit Centre Bay M,53.457398,-113.515632,2.5743810195033268
1338,92 Street & Jasper Avenue,53.549163,-113.474692,1.1771680443858759
6233,104A Street & 134A Avenue,53.596557,-113.500102,2.3986736620087963
4453,116 Street & 9A Avenue,53.438475,-113.533616,3.459559724519172
4866,Rabbit Hill Road & Sandin Way,53.440947,-113.565718,3.2816557919219047
5297,178 Street & 96 Avenue,53.530956,-113.630747,2.5659186710560546
E180,129 Avenue,53.587787,-113.433514,1.9212712523173798
A0112,North Ridge Dr & Napoleon Cres,53.65154,-113.67205,10.943667061383314
7212,Belvedere Transit Centre Bay J,53.588247,-113.434454,1.8488933578909976
5020,148 Street & 80 Avenue,53.514776,-113.576701,1.3076809647408378
99041,Chappelle Green & Chappelle Way SW,53.401837,-113.586034,3.283915314093362
3866,24 Street & Silver Berry Road,53.457025,-113.381141,0.7161801461837211
5120,153 Street & 95 Avenue,53.531595,-113.584312,1.0151755516276186
5818,180 Street & 69 Avenue,53.502789,-113.63334,0.4943348704772377
A0712,McKenney Ave & Lacombe Lake Park,53.636326,-113.652764,8.909323395000687
22078,97 Street & 49 Avenue,53.486586,-113.479257,1.8300797842274734
5895,Lessard Drive & 57 Avenue,53.492968,-113.622556,1.2247307800506548
5328,174 Street & 98A Avenue,53.534147,-113.622514,2.452087386102964
A0281,Sunset Blvd & Sheridan Dr,53.625881,-113.613228,6.122978620563487
6710,139 Street & 160 Avenue,53.621324,-113.560246,2.9522809761840296
5029,163 Street & 88 Avenue,53.523024,-113.602718,0.8172948247764339
7876,Homestead Crescent & Hermitage Road,53.58398,-113.400437,1.5208780695130202
ODT-5773,Wanyandi Road & Wolf Willow Road,53.504736,-113.611742,0.9570278105046638
2660,114 Street & 83 Avenue,53.518901,-113.525624,1.8678056246669652
S1094,Galloway Dr & Greystone Cr,53.539078,-113.27892,8.237936517402584
8821,184 Street & 116 Avenue,53.565854,-113.640759,5.033779110981615
3341,Woodvale Road W & 34B Avenue,53.468475,-113.432936,1.453373190615303
3711,Meadows Transit Centre Bay K,53.478369,-113.367976,2.3279159085365797
ODT-7468,73 Street & 130 Avenue,53.589207,-113.454516,1.6855978150622581
2452,Calgary Trail & 48 Avenue,53.485233,-113.494994,0.8810926396235181
1547,44 Street & 114 Avenue,53.566844,-113.409504,1.3653400974737502
E116,,53.540932,-113.504419,1.0139818005880439
7547,59A Street & 153 Avenue,53.616348,-113.432718,1.677398708846673
5511,145 Street & 87 Avenue,53.51929,-113.569656,1.4438953092948636
E25,111 Street,53.485595,-113.51739,1.1126772793636668
6312,Eaux Claires Transit Centre Bay L,53.618336,-113.489763,1.8015726507629557
ODT-9594,Blackburn Drive & Blackett Wynd SW,53.431621,-113.504054,3.4905089376241456
7077,23 Street & 140 Avenue,53.604162,-113.37759,1.6319583761247736
11094,109 Street & 103 Avenue,53.544182,-113.508667,1.2615372331328776
33004,Maple Way & 42 Avenue,53.480019,-113.348177,2.9079144464845315
9286,Chappelle Drive & Chappelle Road SW,53.399721,-113.574689,2.6154949458832384
6634,129 Street & 161 Avenue,53.623425,-113.544665,2.042826887316971
7240,26 Street & 139 Avenue,53.602754,-113.382042,1.3158812103847666
5677,751 Ormsby Road W,53.497183,-113.652079,1.874923598497897
6540,St Albert Trail & 131 Avenue,53.590293,-113.565602,1.538636700426982
2509,122 Street & 51 Avenue,53.488982,-113.540986,2.6656073788882466
E210,Southgate Transit Centre Elevator,53.485576,-113.51615,1.0473511022970157
S9150,Clover Bar Rd & Colwill Boulevard,53.529643,-113.263892,9.60843145352185
2140,45 Street & 104A Avenue,53.547159,-113.411394,1.591997470172403
9467,50 Street & Ellerslie Road SW,53.425556,-113.417694,3.5063792139194727
9030,Rutherford Point & Rutherford Road SW,53.422047,-113.53444,1.6345160238555632
3025,78 Street & Knottwood Road N,53.449941,-113.452679,1.361272856730685
A0989,Hogan Rd & Nelson Ct,53.648096,-113.665027,10.341657217747048
A0244,Everitt Dr & Ebony Way,53.666768,-113.632587,9.543246665266366
S1014,Sherwood Dr & Main Blvd,53.534905,-113.295887,7.488568056154615
4236,109 Street & 25 Avenue,53.456156,-113.509676,2.622587909633055
S2158,34 Street & 101 Avenue,53.541326,-113.394538,2.5042902219621603
6284,103 Street & 129 Avenue,53.587409,-113.497979,2.4182303594889647
1480,79 Street & 112 Avenue,53.561149,-113.462087,1.5414116269879703
4529,Rabbit Hill Road & MacTaggart Drive,53.438798,-113.564982,3.5224145561916824
3360,Youville Drive W & 29 Avenue,53.46029,-113.430279,0.6041469426695913
2413,Mill Creek & Roper Road,53.494696,-113.430687,3.72861882697435
7158,23 Street & 146 Avenue,53.609365,-113.375023,1.98488325782222
2424,89 Street & 51 Avenue,53.488208,-113.464525,2.802143728260397
4565,109 Street & 29A Avenue,53.460519,-113.511921,2.1735429945116365
3969,19 Street & 35A Avenue,53.469597,-113.371664,1.348773632007003
5766,175 Street & 82 Avenue,53.514775,-113.623314,1.2383696296590523
4509,McLuhan Road & MacTaggart Drive,53.437929,-113.56186,3.6898021983215346
3258,Woodvale Road W & 35A Avenue,53.469904,-113.433784,1.6097335285304966
3384,34 Street & 38 Avenue,53.473056,-113.392288,2.2609465749727433
QSTR,Strathearn Stop,53.53169,-113.462462,0.93374528928996
4587,Calgary Trail SB & Whitemud Drive,53.479636,-113.495054,0.6022842859894756
A0619,Bellerose Dr & Evergreen Dr,53.651491,-113.616067,7.6877057775258
1275,54 Street & 120 Avenue,53.573892,-113.424488,1.4111493081744753
S5109,Keith Rd & Village Dr,53.519325,-113.32494,7.267973626427365
88150,Granville Link & Getty Heath,53.499708,-113.682474,2.8305324279441524
6005,Castle Downs Transit Centre Bay E,53.61648,-113.516423,0.08401087756225323
66016,127 Street & 161 Avenue,53.623695,-113.540652,1.8195704011189868
S5029,Main Blvd & Mission St,53.53748,-113.312377,6.426309338275137
3308,Tamarack Road & 37C Avenue,53.474238,-113.3655,1.8907212883257025
1463,95 Street & 104 Avenue,53.548384,-113.480654,0.8092741212748694
1587,101 Street & 105A Avenue,53.549178,-113.493599,0.6851762309165863
Q5164,McKernan Belgravia Station,53.512603,-113.526199,2.0520491009225412
1105,Kingsway RAH Transit Centre Bay G,53.558673,-113.501435,1.296943785866098
1834,110 Street & 104 Avenue,53.546338,-113.510791,1.4355093316499412
1020,38 Street & 114 Avenue,53.566526,-113.400068,0.8505270898519852
3566,Millbourne Road E & 40 Avenue,53.477222,-113.444367,2.5128226725048513
9804,50 Street & Watt Common SW,53.421605,-113.417749,3.924985273129297
9246,5110 Currents Drive E,53.435635,-113.599493,3.792625064288829
5371,145 Street & 85 Avenue,53.517389,-113.570389,1.4777080106585794
A0070,Bellerose Dr & Oakmont Dr,53.656365,-113.61483,7.914416642385433
7741,95 Street & 165 Avenue,53.625464,-113.486929,2.244045475330453
2697,99 Street & 82 Avenue,53.517685,-113.486009,0.785951737888285
1294,Wayne Gretzky Drive S & 118 Avenue,53.570226,-113.453089,0.5340316332644628
88105,199 Street & Edgemont Boulevard,53.468286,-113.664577,4.704150417606879
4272,Haddow Drive & Hunters Green,53.458258,-113.593391,1.2965458420906186
5576,142 Street & 100 Avenue,53.540606,-113.565871,2.5272721057751784
A0919,Gervais Rd & Galarneau Pl,53.619857,-113.611291,5.61062159810984
3639,99 Street & 19 Avenue,53.445878,-113.484951,3.5244307050785033
5743,178 Street & 98A Avenue,53.534866,-113.628342,2.830025793110901
7128,Evergreen Mobile Park Loop,53.629402,-113.353774,3.807892072452084
2144,67 Street & 106 Avenue,53.549214,-113.434392,1.0273717702665561
9605,Carson Way & Chappelle Way SW,53.401129,-113.582691,3.0831078294758254
1396,38 Street & 114 Avenue,53.566854,-113.400504,0.8487584176900413
A0380,Sir Winston Churchill Avenue & Hawthorne Crescent,53.608025,-113.638795,6.6746204307040715
5749,178 Street & Whitemud Drive,53.513569,-113.629783,1.117947646112202
77672,Cy Becker Road & Cy Becker Boulevard,53.633088,-113.412817,0.5819265774398373
1711,107 Street & 100 Avenue,53.539718,-113.504658,1.0705528598097362
88173,Rosenthal Way & 91 Avenue,53.525133,-113.695555,1.8792386742795741
6161,Mark Messier Trail & 142 Avenue,53.604023,-113.578806,2.842506341902424
22675,88 Street & 66 Avenue,53.502154,-113.464405,2.3995278225639396
1054,44 Street & 121 Avenue,53.575037,-113.408712,1.2613435558836872
1993,106 Street & 97 Avenue,53.533683,-113.502825,1.374947646062579
A0310,Jensen Lakes Blvd & Jensen Crossing,53.665058,-113.637787,9.713068187286618
77181,63 Street & 137 Avenue,53.599743,-113.439319,0.5927939190831073
2503,114 Street & 76 Avenue,53.511615,-113.526035,2.0855383646813905
3706,Meadows Transit Centre Bay F,53.478318,-113.36776,2.3232872481665927
99030,Glenridding Ravine Wynd & Glenridding Ravine Drive SW,53.407129,-113.604691,4.464032608001672
1566,61 Street & 112 Avenue,53.566318,-113.431524,1.0139269435492386
A0741,Heritage Dr & Haviland Cres,53.610259,-113.620218,5.602697299182358
77435,McConachie Boulevard & 176 Avenue,53.639065,-113.427268,1.6284361180606246
Q1759,Kingsway Station,53.557485,-113.500684,1.357539084886504
5598,144 Street & 112 Avenue,53.560543,-113.570401,1.1526114355418964
8929,222 Street & Rosenthal Boulevard,53.516584,-113.699723,2.280397653927055
55369,173 Street & Stony Plain Road,53.539972,-113.62021,2.7168105730877503
77606,68 Street & 137 Avenue,53.599564,-113.445633,0.4306059711286752
E132,110 Street & 99 Street West,53.536707,-113.510365,1.5545453493032624
66182,Albany Drive & 167 Avenue,53.628794,-113.548072,2.537651110599203
6083,105 Dunluce Road,53.627501,-113.531301,1.6299262124535117
1127,123 Street & Jasper Avenue,53.541255,-113.533342,2.849771272679519
F4006,86 Avenue and 101 Street WB,53.698051,-113.204233,15.754819481222738
1929,103 Street & 107 Avenue,53.551352,-113.496878,0.9975447351699321
1376,86 Street & 118 Avenue,53.570452,-113.473004,1.0295406670649911
ODT-3870,Tamarack Boulevard & 23 Avenue,53.455318,-113.363296,0.5301704945492285
2666,117 Street & 87 Avenue,53.52289,-113.532039,2.3238348870633443
7865,84 Street & 162 Avenue,53.624949,-113.473471,3.0156220957071107
A0347,Rankin Dr & Co-op,53.629391,-113.657063,8.737779102039244
E190,,53.601912,-113.411168,0.6259094849862192
4844,Rabbit Hill Road & Leger Boulevard,53.460737,-113.567239,1.3897746857210842
L0361,36 Avenue & 9 Street,53.383285,-113.511785,3.1926253501336457
1335,95 Street & 105 Avenue,53.549906,-113.481236,0.907612887672165
8034,199 Street & Christian Assembly Driveway,53.499387,-113.664386,2.5886285441924546
3519,Parsons Road & 19 Avenue,53.447865,-113.482326,3.295101932589017
6140,114A Street & 152 Avenue,53.611902,-113.518553,0.44518482727906367
5930,188 Street & Ormsby Road West S Ent,53.496635,-113.650007,1.775639648483652
5659,174 Street & 76 Avenue,53.509084,-113.621914,0.652616682884455
6774,156 Street & 137 Avenue,53.599238,-113.588894,3.229824603810072
1248,93 Street & Jasper Avenue,53.54734,-113.47665,0.9640945229204514
E209,,53.54357,-113.490297,0.04249466181517293
6470,113A Street & 136 Avenue,53.598703,-113.516544,1.895697879464472
S7317,Clarkdale Dr & Orchid Cr,53.548885,-113.252167,9.51298691424182
9172,Rutherford Road E & 15 Avenue SW,53.417136,-113.523288,1.4341118355758815
3336,79 Street & 36 Avenue,53.468509,-113.454893,1.9925832444338165
1889,Coliseum Station,53.570617,-113.458655,0.9013238570127737
A0933,Boudreau Road & Chatelain Drive,53.636152,-113.569664,4.180173390410829
5624,182 Street & 87 Avenue,53.521214,-113.637232,2.013810908957339
3070,54 Street & 14 Avenue,53.443462,-113.423612,1.5133713824753774
8497,170 Street & 111 Avenue,53.559049,-113.615544,4.120520943503074
3159,47 Street & 20 Avenue,53.451376,-113.413878,1.435269190363911
ODT-7460,78 Street & 130 Avenue,53.589206,-113.460803,1.8698902139892695
4428,113 Street & 12 Avenue,53.44308,-113.524937,4.050083238317003
8361,199 Street & 69 Avenue,53.502905,-113.664399,2.2993975610667636
77282,71 Street & 167 Avenue,53.628601,-113.450602,2.6025943859599967
4046,Rhatigan Road E & 40 Avenue,53.477075,-113.577805,1.0441431810740927
A0157,Larose Dr & Langley Ave,53.642839,-113.64285,8.839094327493372
6110,156 Street & 128 Avenue,53.584468,-113.590552,3.2609970631661325
2951,33 Street & 76 Avenue,53.51239,-113.389217,4.199703183908192
2255,83 Street & 82 Avenue,53.517964,-113.453571,0.7269216181121173
4193,Rhatigan Road E & 40 Avenue,53.477297,-113.578155,1.058640245413258
E249,Law Courts Park LRT Access,53.545577,-113.488769,0.24062402108542355
8056,Hardy Point & Hemingway Road,53.489004,-113.680626,3.9378675782240244
2746,99 Street & 76 Avenue,53.512009,-113.4863,1.1121167043897664
2273,86 Street & 51 Avenue,53.488176,-113.455779,3.351800412777452
6586,121 Street & 145 Avenue,53.607214,-113.529852,1.2903255228029025
3484,46 Street & 36 Avenue,53.466682,-113.411095,1.9889703339060747
4385,105 Street & 13 Avenue,53.443516,-113.497378,4.028273994817485
6196,170 Street & 128 Avenue,53.584729,-113.615019,4.675479750528032
A0787,Lockhart Dr & Lodgepole Cr,53.646191,-113.65103,9.492207347970346
A0809,Deerbourne Dr & Deer Ridge Dr,53.65478,-113.639771,9.231977136430496
1637,116 Street & 105 Avenue,53.547821,-113.521432,2.159896148932765
5557,142 Street & 97 Avenue,53.53405,-113.565443,2.0470070608718696
9022,James Mowatt Trail & Ellerslie Road SW,53.424653,-113.514468,2.4519673062396286
77660,Crystallina Nera Way & 179 Avenue,53.64157,-113.459138,3.5104918065977175
8847,172 Street & 106 Avenue,53.550201,-113.617984,3.5154246592478517
99062,182 Street & Keswick Drive SW,53.411981,-113.636551,6.601328760625998
22175,36 Street & 53 Avenue,53.490811,-113.397275,4.114585026410625
4393,South Park Centre South Entrance,53.471271,-113.494937,1.0990456640494886
1493,69 Street & 112 Avenue,53.563533,-113.443049,0.7954352778637254
A0333,Akins Dr & Arbor Cres,53.630507,-113.587365,4.960440088736422
A0686,McKenney Ave & Dawson Rd,53.641068,-113.634792,8.310096876574452
S7603,Crimson Dr & Carlyle Cr,53.55183,-113.278382,7.752440857799218
S8804,Premier Wy & Pembina Rd,53.564268,-113.316341,4.9841940213350355
8080,Secord Drive & Secord Boulevard,53.534333,-113.695395,2.2167768461053896
S1002,Sherwood Dr & Oak St,53.529984,-113.295876,7.802041880826806
8157,211 Street & Webber Greens Dive,53.528521,-113.683401,1.202526431799512
A0865,Willoughby Dr & Waverly Dr,53.649268,-113.597467,6.52090711540669
E153,103 Street,53.54794,-113.498261,0.7550816680793433
9770,Austin Link & Anderson Way SW,53.428066,-113.60964,4.806192751123454
3835,Maple Way & Maple Road,53.476964,-113.354671,2.4044237579328156
3226,50 Street & 28 Avenue,53.459235,-113.420065,1.040235845657796
A0050,Kingsway Dr & Kingswood Blvd,53.651966,-113.583904,6.005172347106032
7180,66 Street & Delwood Road,53.595206,-113.44314,0.9320421499055344
1671,116 Street & 107 Avenue,53.551335,-113.520494,2.22204124720136
4135,115 Street & 43 Avenue,53.479636,-113.528914,1.6460294094579966
5545,169 Street & 87 Avenue,53.519711,-113.613466,1.5791072492166343
2576,91 Street & 85 Avenue,53.520497,-113.467539,0.6365800419751861
F2007,94 Avenue and 89 Street NB,53.6931,-113.232738,13.853002499206024
5320,170 Street & 95 Avenue,53.531825,-113.617188,2.0178880250432294
8605,Lewis Farms Transit Centre Bay E,53.523144,-113.665885,0.10476214745941966
1965,127 Street & 122 Avenue,53.576731,-113.541748,1.5346721654850288
5476,156 Street & 102 Avenue,53.543038,-113.590463,2.205017049305571
S6047,Fir St & Spruce Av,53.516985,-113.311092,7.701916925610144
2179,108 Street & Whitemud Drive,53.482675,-113.507912,0.4350399829116405
3014,50 Street & 28 Avenue,53.45922,-113.423205,0.8529559174084681
8132,Webber Greens Drive & 92A Avenue,53.527736,-113.677493,0.8218575770902677
8202,186 Street & 114 Avenue,53.56332,-113.644394,4.68695759680684
5268,163 Street & 106 Avenue,53.549553,-113.602751,3.042395735837034
5274,168 Street & 92 Avenue,53.526558,-113.612602,1.5184431322423508
5874,189 Street & 95 Avenue,53.529417,-113.648934,1.3883015544495798
1445,124 Street & 113 Avenue,53.561763,-113.536063,1.2001971998531011
9415,Windermere Road & Windermere Boulevard,53.43963,-113.618388,3.941741705230518
6078,109 Street & Castle Downs Road,53.627981,-113.510199,1.4278393567215668
2248,96 Street & 71 Avenue,53.507267,-113.476541,1.9415363483978554
1469,93 Street & 118 Avenue,53.570455,-113.484491,0.45879789468839927
5916,184 Street & Stony Plain Road,53.540614,-113.640015,2.630311262009124
77276,87 Street & 177 Avenue,53.63951,-113.473107,3.9107702055143205
3317,19 Street & 34 Avenue,53.467531,-113.372702,1.126699464953159
7637,Howson Crescent & Hooke Road,53.583725,-113.381185,1.4800456528718016
1806,118 Street & Victoria Park Road,53.53943,-113.527975,2.578064929623237
4635,Leger Way & Leger Road,53.458285,-113.578035,1.187806492954414
4293,Magrath View & Magrath Boulevard,53.449985,-113.555268,2.7895601357340687
1774,Bay Enterprise Square Station,53.540936,-113.498842,0.6621910967419028
4690,119 Street & 12A Avenue,53.444492,-113.540734,3.9049555036227783
L0150,Sparrow Crescent & Husky,53.302112,-113.544957,11.737028055464364
7056,94 Street & 135 Avenue,53.596862,-113.487673,2.8438060229822697
5298,149 Street & 84 Avenue,53.516622,-113.578063,1.0998952251748533
9301,Allard Boulevard & Alexander Way SW,53.400738,-113.534756,0.7733157388721006
S5083,Haythorne Rd & Parker Dr,53.530184,-113.326254,6.281190884922193
22188,17 Street & 59 Avenue,53.49587,-113.369047,4.271104669009146
9862,98 Street & Parsons Road SW,53.422209,-113.479778,4.177677904181748
1131,76 Street & 118 Avenue,53.570216,-113.458421,0.8867423389846685
8744,186 Street & 116 Avenue,53.565743,-113.643684,4.9574717950296305
8263,199 Street & Christian Assembly Driveway,53.498691,-113.664589,2.6175099094099608
9464,Glenridding Way & 13 Avenue SW,53.421532,-113.597852,4.302649393276158
S7520,Summerland Dr & Sandstone Blvd,53.560729,-113.257571,8.893514887286887
1907,Groat Road & 114 Avenue,53.563193,-113.550644,0.22237122043502633
4263,115 Street & 43 Avenue,53.479847,-113.529624,1.6935546322208868
5950,189 Street & 91 Avenue,53.52622,-113.648647,1.2773162629324464
A0017,Gainsborough Ave & SWC Ave,53.615713,-113.638442,6.950724498515958
1402,Stadium Transit Centre Bay B,53.559493,-113.471699,1.2987489977999578
77137,66 Street & 167 Avenue,53.628709,-113.443466,2.1311632789833403
3425,38 Street & 26 Avenue,53.456087,-113.399835,1.9623240817883258
4082,Stein Way & Simpson Drive,53.43678,-113.58587,3.5212627938812595
9271,Charles Link & Chappelle Drive SW,53.403541,-113.56844,2.0994032567620815
55120,152 Street & 123 Avenue,53.576636,-113.580277,2.262075378950513
4542,Burton Road & Burrows Crescent,53.479129,-113.569869,1.5097107011074198
9093,Anderson Crescent W Ent & Anderson Way SW,53.428268,-113.611064,4.819996705456638
7667,Victoria Trail & Hermitage Road,53.578745,-113.382537,0.9512659490031954
A0299,Boudreau Rd & Campbell Rd,53.635945,-113.580681,4.79750140263868
S4370,Baseline Rd & 17 St,53.541135,-113.367466,3.724541909544987
4535,Twin Brooks Drive & 12 Avenue,53.443051,-113.522302,4.0868653751193555
A0435,Erin Ridge Dr & Erin Ridge Rd,53.657332,-113.624534,8.50719285761744
3741,Silver Berry Road & 28A Avenue,53.458974,-113.386105,1.056700121784545
3576,Kirkwood Way & 43 Avenue,53.480494,-113.396541,3.092577412049692
7270,56 Street & 137 Avenue,53.599369,-113.425823,1.3962863277733795
7803,73 Street & Ozerna Road,53.627086,-113.454454,2.694523237124556
1882,124 Street & 110 Avenue,53.557529,-113.535795,1.3834310171320128
1159,Groat Road & 107 Avenue,53.550782,-113.54874,1.4833033976067511
22993,Muttart Stop,53.536271,-113.479931,1.0032321690902533
22151,71 Street & 72 Avenue,53.50816,-113.434548,2.37248329123296
6743,127 Street & 169 Avenue,53.630225,-113.541525,2.3050462497445396
7503,64 Street & 162B Avenue,53.624309,-113.439176,1.889443731850174
3909,Mill Woods Transit Centre Bay I,53.457281,-113.430985,0.3043317049957845
9442,Allan Crescent & Allan Drive SW,53.42834,-113.599324,4.57604953514371
1256,Thornton Court & Jasper Avenue,53.541424,-113.487316,0.24940941549628823
2726,109 Street & 80 Avenue,53.515886,-113.512189,1.0534633736141321
2121,71 Street & 90 Avenue,53.525157,-113.436258,1.5441305662147828
9665,95 Street & Parsons Road SW,53.421469,-113.479286,4.176423457064208
8223,201 Street & Hemingway Road,53.487905,-113.667351,3.2591392160252206
A0895,Fairview Blvd & Forest Dr,53.63332,-113.607188,6.303043754863916
A0219,Fairview Blvd & Fairchild Dr,53.636085,-113.606977,6.392041228343206
5061,163 Street & 93 Avenue,53.528723,-113.602639,1.0164400328804657
7827,91 Street & 167 Avenue,53.629538,-113.481419,2.790864854764062
1939,116 Street & Jasper Avenue,53.540591,-113.521427,2.1294503011599626
5498,142 Street & 121A Avenue,53.573914,-113.565687,1.3754249974318056
1118,MacEwan Station,53.547684,-113.49818,0.7325375241526987
6117,127 Street & 161 Avenue,53.624114,-113.541013,1.8633604951470872
3797,44 Street & 39 Avenue,53.472677,-113.405804,2.6981643784836593
77667,64 Street & McConachie Boulevard,53.639843,-113.436513,2.13104590879327
77612,Schonsee Drive & Schonsee Way,53.632805,-113.460458,3.29820150050897
1650,116 Street & 104 Avenue,53.546118,-113.520327,2.053090589244267
ODT-4034,144 Street & 60 Avenue,53.497677,-113.570531,3.1341537439395606
2238,99 Street & 48 Avenue,53.486206,-113.485953,1.4192339493843444
7923,50 Street & 129 Avenue,53.587247,-113.418115,1.9021977049990673
6151,122 Street & 142 Avenue,53.604243,-113.53194,1.631711926678105
2073,82 Street & 94 Avenue,53.530254,-113.451206,0.9261684040470698
1731,119 Street & Kingsway,53.567859,-113.525316,1.945858716278614
1086,Abbottsfield Road & 120 Avenue,53.573888,-113.388702,0.27740800646632113
5889,178 Street & 69 Avenue,53.503147,-113.628742,0.19013374817355172
1286,Fort Road & 121 Avenue,53.574893,-113.460247,1.1153169120084827
7579,97 Street & 135 Avenue,53.59715,-113.491677,2.6472041290654507
1303,Government Transit Centre Bay C,53.535867,-113.504457,1.2790005803517017
4989,Hodgson Boulevard & Hilliard Green,53.461587,-113.559397,1.7871559045454004
5711,166A Street & 113 Avenue,53.561903,-113.606326,3.482268771690651
A0362,Levasseur Road & Grosvenor Boulevard,53.614353,-113.623883,6.0131005761981875
3766,8 Street & Maple Road,53.476165,-113.356873,2.2627512170942543
2985,50 Street & 94B Avenue,53.533597,-113.418758,1.1488617395128724
6862,139 Street & 163 Avenue,53.624554,-113.560702,3.0768204301044086
5521,168 Street & 88 Avenue,53.523697,-113.611551,1.4037847699876425
5251,156 Street & 114 Avenue,53.563551,-113.590296,2.4140578524578853
2482,97 Street & 51 Avenue,53.488214,-113.480357,1.8527070304591173
9343,Orchards Link & Orchards Boulevard SW,53.407889,-113.461117,5.084499645193749
22738,109 Street & 60 Avenue,53.497117,-113.511802,2.0273712557880614
5841,178 Street & 76 Avenue,53.50928,-113.629288,0.6492015383172309
6580,117 Street & 139 Avenue,53.601646,-113.522312,1.6125570930871953
F2006,99 Avenue and 98 Avenue SB,53.692546,-113.24715,13.016673835457958
2705,South Campus Fort Edmonton Transit Centre Bay E,53.502897,-113.528977,2.7861374963360914
2364,Holyrood Road & 95 Avenue,53.531852,-113.452872,1.0242643395373319
QSCM,South Camputs Ft. Edmonton Station,53.50294,-113.528414,2.755039703154116
A0261,Fairview Blvd & Fairchild Dr,53.635604,-113.606959,6.372184305950406
S8605,Bison Wy & Bethel Wy,53.550354,-113.298603,6.537002171679271
6330,131 Street & 150 Avenue,53.612203,-113.546304,2.002610101336163
88709,Rosenthal Way & 92 Avenue,53.52667,-113.695334,1.889080382839606
5629,188 Street & Callingwood Road,53.495518,-113.649115,1.7836360324586908
ODT-4570,Falconer Road & Farnell Close,53.466653,-113.588357,0.36109856606698915
7860,Kirkness Road & 148 Avenue,53.611177,-113.385337,1.546285599551678
1951,109 Street & Kingsway,53.560278,-113.507491,1.5218170483780218
2296,Gateway Boulevard & 51 Avenue,53.488253,-113.492633,1.2384443645358185
A0536,Nakî Transit Station and Park and Ride,53.615453,-113.592856,4.344370235956959
S5046,Village Dr & Keith Rd,53.518917,-113.323932,7.34439677599466
66111,Rapperswill Drive & 173 Avenue,53.634503,-113.53491,2.413558577690616
7572,66 Street & 144 Avenue,53.604961,-113.444536,0.18899373951946624
6768,138 Street & Hudson Road,53.603467,-113.557651,1.7611641628591643
3020,Mill Woods Road E & 23 Avenue,53.455572,-113.410181,1.6075459144721347
3315,19 Street & 34 Avenue,53.467866,-113.372012,1.1584869694557864
2197,88 Street & 51 Avenue,53.487998,-113.460926,3.019992612708822
5188,Dovercourt Avenue & 123 Avenue,53.575298,-113.559443,1.3367539115232896
3194,50 Street & 23 Avenue,53.454781,-113.418888,1.0317476169802082
4573,105 Street & 19 Avenue,53.447622,-113.500686,3.553650492605591
A0022,Erin Ridge Dr & Ebony Way,53.664557,-113.624999,8.994209440235256
S8109,Bethel Dr & Bothwell Dr,53.546322,-113.299303,6.6709332277723465
5339,139 Street & 109A Avenue,53.55574,-113.560587,0.9971447899788656
2335,96 Street & 73 Avenue,53.509695,-113.476368,1.7723864276512609
2474,75 Street & 51 Avenue,53.488429,-113.442492,3.710304458893898
9073,Chapman Way & Chappelle Boulevard SW,53.405599,-113.577693,2.6766416829208826
4521,111 Street & 37 Avenue,53.471745,-113.516762,1.202741473493734
5364,163 Street & 100 Avenue,53.538791,-113.602789,1.917269811696491
7381,97 Street & 167 Avenue,53.62979,-113.49159,2.278728154688825
2916,57 Street & 101 Avenue,53.541104,-113.426001,0.43017816423277566
9677,Stanton Drive & Ellerslie Road SW,53.424421,-113.455439,3.7255962927909545
4558,119 Street & Westbrook Drive,53.46237,-113.538665,2.98165324863847
ODT-5938,Wanyandi Road & Wolf Willow Road,53.504544,-113.61048,1.03829013263727
5204,Westmount Transit Centre Bay B,53.561195,-113.555651,0.3085888756084545
9703,Washburn Drive & Wates Link SW,53.433415,-113.623978,4.721377127273814
2028,Dawson Bridge & Rowland Road,53.549209,-113.46409,1.811588205278198
1178,90 Street & Jasper Avenue,53.551098,-113.473672,1.3576401754013674
5721,175 Street & 83 Avenue,53.516651,-113.623641,1.4426063699485079
ODT-88356,215 Street & Kinglet Boulevard,53.574275,-113.689392,5.837900453718926
ODT-9294,103A Street & Cashman Crescent SW,53.421849,-113.495513,3.2213703910552343
1238,55 Street & 112 Avenue,53.567335,-113.4266,1.2745757584870332
2748,114 Street & 82 Avenue,53.518362,-113.525316,1.8503744174026395
3080,62 Street & 14 Avenue,53.443331,-113.432497,1.3539808172839793
5080,142 Street & 106 Avenue,53.548605,-113.565637,1.8579485994794194
5796,182 Street & 86 Avenue,53.519181,-113.637033,1.862850233967059
11322,105 Street & 103 Avenue,53.544465,-113.500378,0.718017083525108
1426,101 Street & Kingsway,53.553986,-113.493859,1.201419995488357
A0386,Boudreau Road & Carnegie Drive,53.635953,-113.573654,4.392710768843565
A0515,Harwood Dr & Heritage Blvd,53.610423,-113.636608,6.6205895801793595
6095,116 Street & 157 Avenue,53.619349,-113.523177,0.5909756073746438
4655,Rabbit Hill Road & Hodgson Boulevard,53.458991,-113.566025,1.5760787131280984
8957,172 Street & 105 Avenue,53.549044,-113.617751,3.3978550569518515
5579,161 Street & Stony Plain Road,53.541373,-113.599776,2.113232961665728
1608,100 Street & 103 Avenue,53.54513,-113.49117,0.20844177295461294
2318,Mill Creek & Roper Road,53.494696,-113.429749,3.760765964577111
S1060,Galloway Dr & Glamorgan Dr,53.539758,-113.28262,7.984490481519851
2535,96 Street & 82 Avenue,53.51757,-113.476774,1.3296662258817722
4009,Towne Centre Boulevard & Taylor Close,53.450378,-113.57796,2.041897251008698
7443,62 Street & 144A Avenue NB,53.605401,-113.437234,0.6065498630936518
L0344,13 Street & 39 Avenue,53.387908,-113.501328,3.249034906638545
5437,149 Street & 100 Avenue,53.540016,-113.577859,2.0453496348363696
5685,185 Street & 77 Avenue,53.5106,-113.643795,1.4000359281436119
8686,170 Street & 114 Avenue,53.563513,-113.615086,4.05661802903427
3740,24 Street & 43A Avenue,53.480828,-113.380049,2.674151947093723
9673,Ambleside Drive & Windermere Boulevard SW,53.434345,-113.598218,3.909187329053615
ODT-2040,68A Street & 86 Avenue,53.521224,-113.432681,1.788548594286928
2637,99 Street & 92 Avenue,53.526582,-113.486197,1.0904428159949127
S7512,Summerwood Blvd & Summercourt Rd,53.559642,-113.262438,8.592277792050318
5235,149 Street & 114 Avenue,53.562832,-113.578206,1.6161570912494663
3515,102 Street & 13 Avenue,53.441469,-113.488858,3.9395682625874735
2292,83 Street & Argyll Road,53.503795,-113.453976,2.22262153801177
2053,75 Street & 95 Avenue,53.534025,-113.44354,1.0063622936027914
1735,127 Street & 123 Avenue,53.578161,-113.541076,1.3776300680288989
66102,149 Street & 128 Avenue,53.585544,-113.576897,2.352479978962847
2741,106 Street & 63 Avenue,53.500508,-113.504321,2.1570584219391518
6687,170 Street & 135 Avenue,53.596438,-113.614845,4.843919698514699
55089,188 Street & Callingwood Road,53.495902,-113.648503,1.7268808067082007
2395,79 Street & 97 Avenue,53.536128,-113.449335,1.2145368206108222
4204,Century Park Transit Centre Bay D,53.457265,-113.515436,2.5847063774818704
5024,180 Street & 98 Avenue,53.533433,-113.630536,2.6806477966258155
9542,113 Street & Rutherford Road SW,53.421091,-113.520488,1.8933170160731079
E36,Southgate Transit Centre,53.485317,-113.516165,1.0297066597124265
9332,James Mowatt Trail & 17 Avenue SW,53.414449,-113.523631,1.2085597931412488
9290,52 Street & 4 Avenue SW,53.428527,-113.421335,3.118677574834705
ODT-66138,159 Street & 132 Avenue,53.591949,-113.59814,3.6964081795165713
A0304,Riel Dr & Enjoy Centre South,53.611901,-113.646034,7.263765058101406
2778,106 Street & 71 Avenue,53.507725,-113.504329,1.3823528253891229
1516,Churchill Stop,53.543471,-113.489376,0.01972109408132577
9813,Watt Drive & 22 Avenue SW,53.414337,-113.425987,4.608935181274852
9063,70 Street & Stanton Drive SW,53.420509,-113.449717,4.019526995587962
1143,75 Street & Fort Road,53.578528,-113.457255,1.1983968280577908
3770,29 Street & 37A Avenue,53.47231,-113.384114,1.883341904477789
3100,102 Street & 15 Avenue,53.442694,-113.491572,4.056116680436417
ODT-6411,Starling Drive & Sparrow Crescent,53.598147,-113.654421,7.467616038523902
5051,135 Street & 114 Avenue,53.563122,-113.555585,0.1340531732414382
3958,17 Street & Tamarack Way,53.478732,-113.369051,2.3644643398160197
1526,95 Street & 107 Avenue,53.552759,-113.483076,1.1211610151811737
L0194,Sparrow Drive & 71 Avenue,53.292169,-113.545433,12.843969923377848
5778,178 Street & 69 Avenue,53.503039,-113.632425,0.42919160002341183
A0125,Grandin Rd & Grandville Ave,53.622586,-113.619969,6.254988012764839
L0339,4 Street & 11 Avenue,53.309422,-113.537286,10.913185933379243
4801,Leger Transit Centre Bay A,53.455254,-113.579355,1.49153287456397
3230,49 Street & 44 Avenue,53.48188,-113.414963,3.2122695433689104
77695,17 Street & Fraser Way,53.614261,-113.367405,2.693313915825125
4740,Magrath Road & Magrath Boulevard,53.450534,-113.559835,2.545277460110534
S6090,Fir St & Pine St,53.519081,-113.303763,8.156472724341493
5453,142 Street & Stony Plain Road,53.543393,-113.565563,2.395237522708987
4944,Hagen Link & Haddow Drive,53.451601,-113.593938,1.9873049259439357
3369,60 Street & Youville Drive W,53.463844,-113.430465,0.970289320368566
3531,Mill Woods Road & 29 Avenue,53.460414,-113.448221,1.072929403161056
ODT-2048,68A Street & 86 Avenue,53.521108,-113.431791,1.8488194629310006
A0446,Grange Dr & Village Landing,53.620278,-113.613969,5.782387934986971
4451,122 Street & Royal Road,53.481079,-113.540945,2.451072742906749
6891,131 Street & 153 Avenue,53.616787,-113.545581,1.9192535247842155
2359,67 Street & 101 Avenue,53.541257,-113.433647,0.161070306464965
A0338,Chevigny Street & Corriveau Avenue,53.643832,-113.570868,4.759420102327241
4367,Rabbit Hill Road & 23 Avenue,53.453883,-113.563742,2.0922908483723583
ODT-6277,99 Street & 176 Avenue,53.639128,-113.495891,2.94305811129393
2799,104 Street & 78 Avenue,53.514038,-113.497742,0.6031858060399667
A0064,Kingswood Blvd & Kingsdale Cres,53.647313,-113.588797,5.928042590278303
ODT-66116,Albany Way & Albany Place,53.632214,-113.554728,3.1171722910479462
2196,83 Street & 90 Avenue,53.523666,-113.456185,0.2123243728306068
7202,Belvedere Transit Centre Bay B,53.587932,-113.43491,1.8691657736974066
7341,93 Street & 150 Avenue,53.611102,-113.484094,2.214398819355597
22224,82 Street & 98 Avenue,53.537596,-113.454196,1.480582707979016
5572,142 Street & 118 Avenue,53.570729,-113.565667,1.1017545665427422
A0343,Carnegie Dr & Transit Garage,53.639566,-113.575969,4.737625514079752
A0045,Gainsborough Ave & Graham Ave,53.617019,-113.632023,6.627485571285775
4172,Ogilvie Boulevard & Osland Drive,53.463863,-113.560247,1.641518697637552
99031,Glenridding Ravine Wynd & Glenridding Ravine Drive SW,53.407267,-113.605878,4.542856073936892
55071,178 Street & 81 Avenue,53.516823,-113.630596,1.483340655551511
6547,121 Street & 142 Avenue,53.603592,-113.53043,1.6311294666722056
1977,107 Street & 107 Avenue,53.551338,-113.504405,1.310675049478048
2504,Keillor Road & Fox Drive,53.503251,-113.55714,3.1321653950827932
5199,142 Street & 109B Avenue,53.556171,-113.56502,1.122063821166102
2068,50 Street & 106 Avenue,53.551478,-113.419405,1.5287646174197462
2843,106 Street & 76 Avenue,53.51196,-113.504502,0.9554536216383949
5103,Jasper Place Transit Centre Bay C,53.540558,-113.591781,1.9311711652946173
A0066,Kirkwood Dr & Kingswood Blvd,53.645146,-113.588157,5.753545071241155
2544,79 Street & 101 Avenue,53.541578,-113.449219,1.1371382450193264
1342,65 Street & 112 Avenue,53.564884,-113.437477,0.808472651203531
ODT-2510,129 Street & 63 Avenue,53.498416,-113.550115,3.709231536144262
3171,38 Street & 12 Avenue,53.440433,-113.401183,2.7669444261936187
33023,27 Street & 14 Avenue,53.440597,-113.379931,1.9853731713487626
5291,145 Street & 87 Avenue,53.518993,-113.57035,1.4107998787743854
F1005,95A Ave and Westpark Dr WB,53.685908,-113.253441,12.268652127507117
2265,96 Street & 77 Avenue,53.513474,-113.476668,1.5326352628539195
6009,Castle Downs Transit Centre Bay I,53.61641,-113.516475,0.07578678911796155
4215,Century Park Transit Centre Bay O,53.457851,-113.515628,2.5262005983238347
A0587,Cunningham Rd & Sunset Blvd,53.633052,-113.614393,6.718356770334376
22074,104 Street & Allandale Road,53.499933,-113.498273,2.1733992918265326
E127,108 Street & Jasper Avenue South,53.540653,-113.506646,1.1647208069752681
8460,199 Street & 62 Avenue,53.493628,-113.665114,2.8259641547515613
F1014,Westpark Drive and Alderson Close WB,53.685666,-113.25971,11.903580194217145
8033,Guardian Road & Granville Drive,53.510647,-113.677305,1.5744231007149083
3449,Jackson Road & 44 Avenue,53.482046,-113.411949,3.3142038015473774
E99,,53.540931,-113.499167,0.6823679967041707
E63,100A Street,53.5412,-113.492189,0.28101286770396233
7479,68 Street & 137 Avenue,53.599844,-113.447181,0.40999447097208
A0695,Bellerose Dr & Edward Way,53.655626,-113.614712,7.861316307093166
E258,Commerce Place Elevator,53.541156,-113.494838,0.41491573797175707
4312,Rabbit Hill Road & Hodgson Boulevard,53.458602,-113.565353,1.6382045562032468
1593,42 Street & 121 Avenue,53.575127,-113.406437,1.1218526485843
7084,Delwood Road & 134A Avenue,53.595801,-113.462065,1.3725754537591992
A0117,St Vital Ave & Muir Drive,53.63979,-113.626905,7.771220475436887
2272,79 Street & 98 Avenue,53.537994,-113.449136,1.1428802952178856
7283,91 Street & 179 Avenue,53.640537,-113.478834,3.724688142438451
77239,Fraser Way & Fraser Vista,53.612977,-113.361165,2.9852769501749536
6107,Hudson Road & 141A Avenue,53.605133,-113.552701,1.7648993934791726
4192,119 Street & 23 Avenue,53.45468,-113.533995,3.3996604763411966
4805,Leger Transit Centre Bay E,53.45553,-113.580528,1.447811601244756
7984,Brintnell Boulevard & 160 Avenue,53.62303,-113.402814,0.7825028471382781
2459,65 Street & 108 Avenue,53.555679,-113.426963,1.7721296513802025
7064,94 Street & 179 Avenue,53.641549,-113.486986,3.478668999671686
2747,Scona Road & 94 Avenue,53.530798,-113.48573,1.4042350283209675
ODT-6602,106 Street & Castle Drive,53.644569,-113.506638,3.2765202429165825
1268,95 Street & 111 Avenue,53.560633,-113.487013,0.6702812595310189
1905,114 Street & 107 Avenue,53.551488,-113.518131,2.086156481641228
9285,Chappelle Drive & Claxton Loop SW,53.40069,-113.575844,2.655418860496276
5724,172 Street & 75 Avenue,53.506901,-113.619647,0.5506809824740356
9786,74 Street & 22 Avenue SW,53.412221,-113.454199,4.987641480244252
1520,34 Street & Abbottsfield Road,53.575137,-113.392806,0.4161677382934253
A0839,Muir Drive & McKenney Ave,53.642313,-113.628729,7.984129020385374
2400,57 Street & 98 Avenue,53.538287,-113.425347,0.49912060871168157
1380,97 Street & 118 Avenue,53.570022,-113.492111,0.4974280380976891
4571,Ogilvie Place & Ogilvie Boulevard,53.463325,-113.567503,1.2187082579413864
7542,88 Street & 130 Avenue,53.589085,-113.475721,2.545578691382121
1152,106 Street & 114 Avenue,53.564438,-113.503565,1.1136769765936285
6242,104 Street & Castle Downs Road,53.628717,-113.504218,1.6620205207350645
S7431,Davidson Dr & Darlington Dr,53.551947,-113.267808,8.423089864321298
2638,114 Street & 85 Avenue,53.521384,-113.525438,1.8667759968114197
55341,176 Street & 96 Avenue,53.53259,-113.626516,2.6119942636671465
5853,Wanyandi Road & Wilkin Road,53.496485,-113.605837,1.5687243288256085
1827,116 Street & 100 Avenue,53.539056,-113.52143,2.1596378210065708
3646,99 Street & Whitemud Drive E,53.47995,-113.485657,1.2270112605823693
5250,156 Street & 95 Avenue,53.531479,-113.588963,0.9234665787646122
4506,Magrath Road & Massey Way,53.451878,-113.559826,2.430633081589468
2429,89 Street & Connors Road,53.5277,-113.463375,0.5370485466883271
5491,163 Street & 95 Avenue,53.531051,-113.60287,1.2009927536582303
3153,Mill Woods Road E & 17 Avenue,53.447435,-113.403004,2.267057842410323
9476,85 Street & Ellerslie Road SW,53.425034,-113.46378,3.9079610326827283
5321,162 Street & 100A Avenue,53.540314,-113.601206,2.032353066352747
4132,112A Street & 9 Avenue,53.439333,-113.522154,3.690198218345563
6440,114 Street & 157 Avenue,53.619652,-113.51987,0.4856690164229866
6343,Griesbach School Road & Griesbach Road,53.608011,-113.496599,1.5802826132142942
1372,101 Street & 117 Avenue,53.569,-113.493883,0.515462082038667
S1096,Galloway Dr & Glamorgan Dr,53.537939,-113.276665,8.428144813662325
3233,Mill Woods Road E & 36 Avenue,53.466983,-113.409266,2.105092927804056
7124,72 Street & 149A Avenue,53.611404,-113.449739,0.9251915312185309
6366,127 Street & 131 Avenue,53.589794,-113.54132,0.10613394972011984
S8849,Sherwood Dr & Palisades Av,53.555284,-113.295981,6.5249658158599955
L0144,43 Street & Allard Avenue,53.292676,-113.537124,12.776898687207785
6087,430 Dunluce Road,53.624964,-113.535346,1.6087792092297335
9036,62 Street & 7 Avenue SW,53.426034,-113.436355,3.2758814547065582
5179,156 Street & 79A Avenue,53.512447,-113.590468,1.1996569529992633
4241,105 Street & 26 Avenue,53.456961,-113.500067,2.5213561258263946
7874,25 Street & 135 Avenue,53.596268,-113.380598,1.5094510110206287
1271,105 Street & Jasper Avenue,53.540836,-113.499929,0.7332613155888781
10122,Heritage Days Parking Area,53.568054,-113.452882,0.5901439112959508
3570,37 Street & 34A Avenue,53.464589,-113.399134,2.065748197720834
3051,80 Street & Mill Woods Road S,53.446761,-113.451401,1.4875388999794406
S1004,Sherwood Dr & Oak St,53.530902,-113.295428,7.765782368804299
9589,Graydon Hill Boulevard & Ellerslie Road SW,53.424941,-113.556542,2.316861951763599
5783,187 Street & 87 Avenue,53.521312,-113.646668,1.3932291510934567
4931,Stein Lane & South Terwillegar Drive,53.435847,-113.579577,3.6330220270511306
2850,99 Street & 92 Avenue,53.526924,-113.485946,1.1296378600360042
F3004,99 Avenue and 95 Street SB,53.704866,-113.222717,15.121133074047126
3266,Mill Woods Road E & 38 Avenue,53.469235,-113.409767,2.242298004174101
A0237,Sturgeon Rd & Burnham Ave,53.638097,-113.618862,7.206890209962948
77646,92 Street & 163 Avenue,53.624966,-113.483026,2.449654275815657
QAVO,Avonmore Stop,53.508301,-113.455149,1.71513987542456
4592,115 Street & 40 Avenue,53.476423,-113.530707,1.7976712575757026
E182,Belvedere Transit Centre,53.588266,-113.434371,1.8491981203728554
QGMA,MacEwan Station,53.547806,-113.499219,0.7949296875875883
1330,54 Street & 122 Avenue,53.576955,-113.424472,1.536761516292297
6631,123 Street & 142 Avenue,53.604111,-113.536446,1.5631867999205964
2241,50 Street & 109 Avenue,53.557632,-113.419359,2.1331614429358843
S7914,Eton Blvd & Essex Wy,53.563309,-113.27728,7.561209357643752
6135,102 Street & 176 Avenue,53.639474,-113.499971,2.8627934013184277
2610,Davies Transit Centre Bay J,53.499758,-113.444223,2.8275791517689735
A0375,St Vital Ave & Youville Home,53.637736,-113.631972,7.923763873734023
8449,Greystone Drive & Grove Drive,53.557134,-113.877504,14.42653265861869
ODT-66519,215 Street & Hawks Ridge Bl N,53.588116,-113.689315,7.338429643694411
7834,Clareview Road E & 129 Avenue,53.587896,-113.378412,1.9786962741206453
8834,199 Street & 56 Avenue,53.492127,-113.665204,2.902128248565115
1697,114 Street & 104 Avenue,53.546118,-113.517106,1.8420153250327578
5831,790 Ormsby Road W,53.496913,-113.651746,1.8666941605989023
F5002,Town Crest Road and Southfort Boulevard NB,53.680883,-113.240892,12.713569969274559
6415,127 Street & 146 Avenue,53.609162,-113.541122,1.7782263392413469
4334,475 Burton Road West,53.477098,-113.572022,1.2436968959097077
99015,Rabbit Hill Road & 21 Avenue SW,53.414233,-113.601405,4.310995658801818
1570,101 Street & 103A Avenue,53.546017,-113.493082,0.3613946560792034
A0647,Heritage Drive & Highland Crescent,53.611811,-113.625293,5.979470816964624
77142,50 Street & 153 Avenue,53.615049,-113.41836,1.509310182310924
4443,118 Street & 23 Avenue,53.453744,-113.529844,3.3355683564509464
A0283,Sunset Blvd & Salisbury Ave,53.624538,-113.610446,5.885895621397333
1563,95 Street & 106 Avenue,53.551579,-113.482167,1.0292784548895002
99233,Chappelle Way & Colak Lane SW,53.399233,-113.592684,3.778851935147637
9430,Watt Promenade & Watt Drive SW,53.415474,-113.429752,4.459136150321692
1287,97 Street & 118 Avenue,53.570496,-113.493388,0.593515253133608
1109,Kingsway RAH Transit Centre Bay B,53.558373,-113.500912,1.2954586100620613
1997,117 Street & 107 Avenue,53.551327,-113.523635,2.4145317783875
S7921,Emerald Dr & ABJ,53.567599,-113.287668,6.830321024563222
7465,97 Street & 132 Avenue,53.592806,-113.491798,2.9266339564012163
ODT-6679,163 Street & 130 Avenue,53.587755,-113.602969,4.024659045604761
7400,63 Street & 165 Avenue,53.627106,-113.4395,1.8694006037288107
E242,,53.535765,-113.505773,1.3542249491230505
3525,41 Street & 26 Avenue,53.457114,-113.404893,1.9675130218718737
2305,Capilano Transit Centre Bay E,53.538581,-113.42292,0.6406594388656276
1192,40 Street & 121 Avenue,53.575029,-113.402544,0.8795707811716231
5405,Meadowlark Road & 87 Avenue,53.52058,-113.596349,0.4923574870893761
9612,Keswick Drive & Keene Crescent SW,53.419455,-113.621073,5.710229322258939
77668,Schonsee Drive & Crystallina Nera Way,53.636921,-113.462177,3.5122480336522988
5814,184 Street & 69 Avenue,53.502815,-113.638918,0.8588455540270341
4052,111A Street & 37 Avenue,53.472119,-113.518098,1.2382852287669617
1048,97 Street & 120 Avenue,53.573109,-113.492472,0.7995053482611327
8367,199 Street & Glenwright Crescent,53.504571,-113.664405,2.114675784551834
77440,66 Street & 137 Avenue,53.599513,-113.44144,0.5222258411756487
3710,Meadows Transit Centre Bay J,53.478568,-113.368005,2.349881061666943
4197,122 Street & Royal Road,53.481077,-113.541422,2.4826429818428237
5614,165 Street & 99 Avenue,53.536303,-113.606045,1.787357384718842
ODT-9349,Blackburn Drive W & Blacklock Way E SW,53.431644,-113.503368,3.521752942052521
2008,50 Street & 67 Avenue,53.501937,-113.418384,3.6271685576411747
5141,140 Street & 111 Avenue,53.55897,-113.562449,0.77927165738875
66140,170 Street & 122 Avenue,53.578548,-113.615566,4.406704211132445
A0939,Oakmont Dr & Oakridge Dr N,53.65649,-113.613004,7.823644482872411
8349,Guardian Road & Granville Drive,53.509745,-113.677267,1.665100734576412
6462,127 Street & 137 Avenue,53.59842,-113.541364,0.8823190023776858
3324,Woodvale Road W & 34B Avenue,53.467999,-113.432683,1.4017673278165896
7723,25 Street & Clareview Road,53.590701,-113.37908,1.9101666329621827
4103,Hanna Crescent & Haddow Drive,53.451436,-113.59461,2.0200626379708364
3127,Hewes Way & 23 Avenue,53.454294,-113.424867,0.6447705026087298
S8704,Buckingham Dr,53.553,-113.3116,5.627574637980957
P1001,Spruce Grove Transit Centre,53.567283,-113.877323,14.747178106829653
1629,106 Street & 96 Avenue,53.532414,-113.503167,1.4907456288430283
2564,92 Street & 92 Avenue,53.526934,-113.468417,0.7108437338545776
7423,11 Street & 167 Avenue,53.628691,-113.359788,3.4075937964915206
F2012,99 Avenue and 89 Street WB,53.698925,-113.235915,14.028442429753476
A0425,Dorchester Dr & Dufferin St,53.652028,-113.654447,9.971137263445627
3420,Kaasa Road & 38 Avenue,53.472784,-113.397146,2.459791478417685
A0533,Nakî Transit Station and Park and Ride,53.615291,-113.592925,4.336402413899593
66456,156 Street & 145 Avenue,53.606183,-113.590177,3.613727441736265
7920,Hooper Crescent E Ent & Hooke Road,53.584242,-113.387496,1.4160120151899522
5844,158 Street & 118 Avenue,53.570324,-113.593321,2.714472579654821
4176,107 Street & 25 Avenue,53.456449,-113.504528,2.5640569910051423
A0779,Larose Dr & Langley Ave,53.642734,-113.642904,8.83409647688593
2115,South Campus Ft Edmonton Station,53.502283,-113.528498,2.8084457889009573
8142,Jennifer Heil Way & Spruce Ridge Drive,53.553977,-113.934815,18.053984569315634
77666,77 Street & Crystallina Nera Drive,53.63786,-113.458617,3.320407914952003
4004,109 Street & 23 Avenue,53.454045,-113.509699,2.85558647033967
6570,116 Street & 134 Avenue,53.594965,-113.522195,1.4246645347617575
9112,Parsons Road & Ellerslie Road SW,53.42422,-113.480014,4.256267374502282
2489,57 Street & 101 Avenue,53.541261,-113.424538,0.5283884195466347
F4004,86 Avenue at Walmart SB,53.695386,-113.209007,15.33445865660085
S7106,Clover Bar Rd & Heritage Dr,53.538498,-113.263138,9.214386466124205
4501,MacLuhan Road & MacTaggart Drive,53.43841,-113.562385,3.6268662154786004
1664,131 Street & Sherbrooke Avenue,53.577779,-113.551956,1.5531846085624907
2036,91 Street & 84 Avenue,53.520597,-113.467316,0.618149042515789
8089,199 Street & 69 Avenue,53.502356,-113.665666,2.3547916711089014
9460,175A Street & Wright Drive SW,53.429702,-113.62363,5.055417746211691
A0755,Harwood Dr & Harnois Pl,53.612529,-113.634763,6.588994294743877
A0871,Park Ave & SWC Ave,53.642563,-113.596749,6.083393972148322
5692,156 Street & 114 Avenue,53.563135,-113.591013,2.462439365480349
5883,172 Street & 97 Avenue,53.533561,-113.619245,2.2320740444815246
5549,135 Street & Dovercourt Avenue,53.576133,-113.557099,1.394146891941974
3352,Mill Woods Road & 37 Avenue,53.471153,-113.452255,2.113259931111519
QHOL,Holyrood Stop,53.528045,-113.457534,0.5198893775943458
8996,Lewis Estates Boulevard & Suder Greens Drive,53.518164,-113.680508,1.0547761237042657
3722,21 Street & 38 Avenue,53.477528,-113.375849,2.2580971372552816
A0400,Richardson Dr South,53.602182,-113.645527,6.9522775659283464
5758,177 Street & 69 Avenue,53.503464,-113.626789,0.05842249117849959
3479,Mill Woods Road & 34 Avenue,53.465536,-113.450438,1.5488773869449024
8064,215 Street & Webber Greens Drive,53.527722,-113.687696,1.42892102668384
8183,204 Street & Hilton Crescent,53.482381,-113.675258,4.040153931769186
7738,72 Street & 144 Avenue,53.6064,-113.450813,0.469257539125248
5280,151 Street & 95 Avenue,53.531473,-113.581179,1.102904401721228
4233,114 Street & 9 Avenue,53.438278,-113.527324,3.4946506072461045
2942,122 Street & 51 Avenue,53.488185,-113.538817,2.4983916998449023
3828,91 Street & 23 Avenue,53.451676,-113.465004,2.0772072910050086
S5071,Woodbridge Wy & Wells Point Ln,53.532277,-113.323576,6.237046407645469
6152,St Albert Trail & 134 Avenue,53.594473,-113.569544,1.8525178217542344
6552,113A Street & 129 Avenue,53.587398,-113.516167,1.7694392131972019
7645,50 Street & Hermitage Road,53.589005,-113.418406,1.7568518551158032
1556,95 Street & Jasper Avenue,53.545432,-113.478409,0.777540718249424
7511,Klarvatten Lake Wynd & 173 Avenue,53.635184,-113.470409,3.746836749556345
ODT-88363,Erlanger Drive & Edgemont Boulevard,53.468648,-113.684684,5.515112478652647
3615,17 Street & 37 Avenue,53.472139,-113.368926,1.631920040633738
9447,Parsons Road & Ellerslie Road SW,53.425486,-113.47981,4.331769964010304
2734,99 Street & 62 Avenue,53.498777,-113.486054,2.423045862935013
4253,Bulyea Road & Buchanan Road N,53.471181,-113.571762,0.8555332457706859
S5047,Chippewa Rd & Athabascan Av,53.536873,-113.324686,5.833505616227028
A0735,Hudson Rd & Heritage Dr,53.6124,-113.619582,5.662217993341056
ODT-4041,Whitemud Drive NB & 53 Avenue,53.490301,-113.56894,2.629392501515372
2784,109 Street & 65 Avenue,53.50167,-113.512155,2.205919104689728
2793,109 Street & 57 Avenue,53.494481,-113.511817,1.745276834495494
1875,130 Street & 115 Avenue,53.565976,-113.54447,0.6697113350518468
ODT-22347,50 Street & Unit 6424 - 6438,53.499343,-113.429364,3.3458908389509254
1186,42 Street & 121 Avenue,53.575037,-113.405639,1.0688174636793562
8235,Grantham Court & Guardian Road,53.508594,-113.674716,1.7282944694004183
6748,134 Street & Hudson Road,53.60593,-113.550742,1.8029837276956768
S5035,Main Blvd & Malvern Dr,53.537325,-113.316666,6.210061331840776
1755,125 Street & 107 Avenue,53.550888,-113.537137,1.8110040323165648
E73,Health Sciences South Access,53.519387,-113.525881,1.8838373642233326
23358,92 Street & 95 Avenue,53.531598,-113.467816,1.0605520338879262
5365,142 Street & 85 Avenue,53.517574,-113.565574,1.7626792633016444
9375,Crabapple Run & Orchard Drive SW,53.407477,-113.469754,4.509930355751861
E263,South Parkade Entrance,53.601216,-113.411835,0.6664463518851348
3222,62 Street & Grand Meadow Crescent,53.476769,-113.433423,2.3741388416159013
9424,James Mowatt Trail & 35 Avenue SW,53.40087,-113.541078,0.7717837176286255
77944,66 Street & 165 Avenue,53.626348,-113.442951,2.1029087748868616
9257,88 Street & 20 Avenue SW,53.414907,-113.467394,4.739113270276099
E191,,53.601871,-113.411244,0.6304368442232032
8786,184 Street & Stony Plain Road,53.5411,-113.638617,2.7335481500718672
5826,187 Street & 97A Avenue,53.533699,-113.64543,1.8451992158613926
9755,Cartmell Road & Chappelle Road SW,53.399287,-113.569838,2.331873198342038
2213,Southgate Transit Centre Bay M,53.485415,-113.516244,1.0406645375005092
4640,MacTaggart Drive & MacTaggart Place,53.439862,-113.556225,3.664932125824629
6487,127 Street & 132 Avenue,53.592696,-113.541038,0.2582440680354282
55209,156 Street & 109 Avenue,53.554543,-113.590297,2.6229752898227843
4547,112 Street & Saddleback Road,53.461558,-113.520861,2.2840250534760305
2044,75 Street & McIntyre Road,53.495315,-113.442522,3.330642837026761
8229,184 Street & 102 Avenue,53.543246,-113.638555,2.912225572937801
6178,151 Street & 131 Avenue,53.590279,-113.580763,2.5425025492145394
2019,Health Sciences Jubilee Station,53.519935,-113.525923,1.8873505732198577
5347,156 Street & 84 Avenue,53.517432,-113.590194,0.6449824540434059
6323,114A Street & 152 Avenue,53.612041,-113.519416,0.4505572143124876
5090,St Albert Trail & Dovercourt Avenue,53.576896,-113.554974,1.4643445362793583
L0350,5 Street & 22 Avenue,53.342932,-113.53145,7.1952951776187755
88141,227 Street & Rosenthal Boulevard,53.517561,-113.707487,2.7424721013790085
1798,114 Street & 104 Avenue,53.546341,-113.518185,1.9166202649904722
6111,137 Street & 153 Avenue,53.614681,-113.557592,2.7131468290231417
7061,57 Street & 162 Avenue,53.623357,-113.425618,1.0771374782848249
9104,90 Street & 24 Avenue SW,53.41122,-113.474239,4.231997038387588
3905,Mill Woods Transit Centre Bay E,53.457312,-113.429522,0.3838149694421169
3138,54 Street & Mill Woods Road S,53.44582,-113.424443,1.2582642224994274
2312,92 Street & 95 Avenue,53.531402,-113.468452,1.0653389557242783
L0301,5 Street & 14 Avenue,53.318511,-113.532312,9.907818074674177
8585,Goodwin Gate & 62 Avenue,53.495746,-113.6758,3.1382225948096796
4152,Carter Crest Road E & Rabbit Hill Road,53.465285,-113.571862,0.8631474392505967
1476,106 Street & 118 Avenue,53.570295,-113.501531,1.033867976644456
7585,90 Street & 132 Avenue,53.59206,-113.478984,2.5367506607775923
1307,Government Transit Centre Bay G,53.536505,-113.504587,1.2417652499374108
S8806,Premier Wy & Prairie Dr,53.560182,-113.316355,5.078322369494123
5635,166A Street & 109 Avenue,53.555891,-113.607536,3.6627112707196687
5138,167 Street & 95 Avenue,53.531757,-113.611239,1.676717870934657
3509,17 Street & 34 Avenue,53.467102,-113.368909,1.0729438922452077
2888,106 Street & 51 Avenue,53.487873,-113.50448,0.933725002465888
77061,78 Street & Crystallina Nera Way,53.642726,-113.465263,3.9318662761919114
4284,Bulyea Road & Burley Drive S,53.469454,-113.57192,0.7956479656871245
4492,MacTaggart Court & MacTaggart Drive,53.438083,-113.559642,3.7085951847738596
E200,HUB Elevator,53.525054,-113.521206,1.6925035787745841
S7023,Craigavon Dr & Glencoe Blvd,53.535141,-113.267169,9.130548811939606
7896,36 Street & 139 Avenue,53.602965,-113.397151,0.3573731933976517
2684,91 Street & 58 Avenue,53.493971,-113.468108,2.88339120959713
1991,107 Street & 97 Avenue,53.534696,-113.503991,1.3437856764322982
6091,121 Street & 157 Avenue,53.61865,-113.530801,0.9920854060007377
1250,97 Street & 107 Avenue,53.551436,-113.48934,0.8854074018598421
9410,McAllister Loop & MacEwan Road SW,53.428952,-113.525416,2.5226150166412493
1658,130 Street & 111 Avenue,53.55882,-113.545899,0.7617853058971983
7851,95 Street & 162 Avenue,53.624087,-113.487419,2.1450084878988647
5065,132 Street & 102 Avenue,53.542969,-113.549881,2.32848194930037
1133,59 Street & 118 Avenue,53.570429,-113.432542,0.8288117960597859
22178,17 Street & 66 Avenue,53.503369,-113.36911,5.105487416550169
3281,76 Street & Millbourne Road W,53.480999,-113.452463,3.0872076705844296
2577,65 Street & 107A Avenue,53.553243,-113.43024,1.47202790536046
S8135,Jim Common Dr & Charlton Ct,53.544477,-113.283199,7.729591578623863
2165,81 Street & 90 Avenue,53.525111,-113.454203,0.3868146536306167
77607,McConachie Drive & McConachie Boulevard,53.63436,-113.42764,1.2969324962231308
5720,159 Street & Whitemud Drive,53.513259,-113.596587,1.1827626622010534
7576,72 Street & 149A Avenue,53.610991,-113.449152,0.8704369685062905
5309,145 Street & 123 Avenue,53.57683,-113.572749,1.919039381624755
4078,117 Street & 40 Avenue,53.476232,-113.534755,2.065810028786251
5907,188A Street & 57 Avenue,53.492341,-113.648853,1.9756522007219302
1932,127 Street & 124 Avenue,53.579017,-113.541323,1.2815693454294017
F3023,Sherridon Drive and 96A Avenue NB,53.706423,-113.218729,15.43633821017541
8738,174 Street & 102 Avenue,53.543373,-113.621007,3.0243486639450796
1723,Stadium Station,53.559764,-113.471089,1.3130473933039737
9360,Crabapple Crescent & Orchard Drive SW,53.407604,-113.469569,4.522247800698897
5390,140 Street & 111 Avenue,53.558775,-113.561957,0.7712504001371299
A0007,Grenfell Ave & Gresham Blvd,53.624219,-113.629035,6.8541329227353796
4435,Carter Crest Road & Carmichael Wynd,53.466079,-113.578938,0.4114852633874876
ODT-8028,Breckenridge Drive & Suder Greens Drive,53.51999,-113.685507,1.2654459578212731
2330,88 Street & 66 Avenue,53.501886,-113.46388,2.424529868238793
S8319,Jim Common Dr & Catalina Dr,53.551141,-113.286535,7.2599599884404595
7484,23 Street & 146 Avenue,53.609689,-113.376065,1.9406925411558027
3015,21 Street & 43A Avenue,53.478479,-113.375978,2.3639558627359274
1442,89 Street & 122 Avenue,53.57665,-113.47722,1.2932078977998043
11382,106 Street & 103 Avenue,53.544685,-113.503704,0.9397010118431314
6585,107 Street & 129 Avenue,53.587394,-113.503764,2.5564556538127
E160,Kingsway Station North Access,53.558205,-113.501907,1.3555121324958217
3228,Mill Woods Road & Millbourne Road E,53.468542,-113.450387,1.8041984292991402
8989,Lakeview Drive & Westview Boulevard,53.552215,-113.702095,3.940310071221362
4660,Simpson Drive & Simpson Place,53.436653,-113.586755,3.5381951407184413
2701,South Campus Fort Edmonton Transit Centre Bay A,53.503678,-113.528961,2.7285946461343698
S6024,Fir St & Cottonwood Av,53.515649,-113.313029,7.508510012880455
5584,142 Street & 91 Avenue,53.524589,-113.56584,1.6358911202540098
2463,93 Street & 51 Avenue,53.488194,-113.473182,2.271113963173023
ODT-3956,Tamarack Boulevard & 23 Avenue,53.45464,-113.363693,0.5470879308775577
4528,117 Street & 40 Avenue,53.47674,-113.535051,2.076075723341361
7731,50 Street & 144 Avenue,53.606518,-113.417922,1.2167014661098159
5216,West Edmonton Mall Transit Centre Bay C,53.525138,-113.620667,2.0186151979160933
6296,127 Street & 148 Avenue,53.610036,-113.541439,1.7600015994083755
5258,163 Street & 107 Avenue,53.551661,-113.602762,3.269137820472638
8788,176 Street & 102 Avenue,53.543373,-113.624366,3.1781007759620974
4019,Rabbit Hill Road & Magrath Boulevard,53.449605,-113.565368,2.4221385656958128
L0107,44 Street and Black Gold Drive,53.258113,-113.537471,16.623431921415268
1455,Kingsway Mall,53.560209,-113.505271,1.3973129698014302
F2001,95A Avenue and 80 Street EB,53.688677,-113.246522,12.819516433182502
2175,106 Street & 51 Avenue,53.488162,-113.503449,0.9666213302287824
7968,Hyndman Crescent W Ent & Hermitage Road,53.579063,-113.379494,1.1029345113315905
L0317,4 Street & 11 Avenue,53.309937,-113.534976,10.85722690227609
L0402,Costco,53.306317,-113.557341,11.335436145353574
1807,111 Street & 107 Avenue,53.551331,-113.511563,1.6936016321623861
S7701,Carson Dr & Carson Ct,53.545639,-113.266722,8.700913523493373
ODT-5594,149 Street & 93 Avenue,53.528736,-113.577851,1.0337571022908283
6321,121 Street & 129 Avenue,53.587551,-113.52993,0.8873118929044284
S9160,Clover Bar Rd & Foxhaven Dr,53.528352,-113.262504,9.759161438868286
5667,178 Street & 74 Avenue,53.507588,-113.630854,0.5301830239950931
A0324,Giroux Rd & Lacombe Dr,53.641125,-113.670558,10.18305351191519
99189,Rabbit Hill Road & 28 Avenue SW,53.410994,-113.60375,4.418424360531452
2372,52 Street & 98 Avenue,53.538183,-113.420614,0.7998072566072029
9066,MacEwan Road & Marion Place SW,53.427653,-113.535462,2.249502529584405
1599,93 Street & 122 Avenue,53.576559,-113.483757,1.125322976140576
2753,99 Street & 65 Avenue,53.501555,-113.486388,2.123793995856409
2221,79 Street & 86 Avenue,53.52159,-113.449138,0.7115972293598373
9256,6004 Currents Drive W,53.436189,-113.60762,3.918886698415412
7930,Habitat Crescent E Ent & Hermitage Road,53.589497,-113.413438,1.5241923926342367
2228,99 Street & 44 Avenue,53.482114,-113.485953,1.2411932401004826
33118,92 Street & 39 Avenue,53.474186,-113.470654,2.2990949721740255
9697,Rutherford Road & 13 Avenue SW,53.419428,-113.521664,1.6990308656542317
9666,111 Street & MacEwan Road SW,53.429433,-113.518229,2.7609455160677254
7754,Northgate Lion Centre,53.602349,-113.458287,0.8368009787245164
ODT-9600,Hays Ridge Boulevard & Haddad Wynd SW,53.418111,-113.574197,2.707758001532241
S9239,Foxhaven Dr & Foxhaven Ct,53.528615,-113.259575,9.914246556646415
S7516,Lakeland Dr & Summerwood Dr,53.555863,-113.26317,8.62053557745821
5240,135 Street & 109 Avenue,53.554677,-113.555431,1.0157274837814538
1233,101 Street & 111 Avenue,53.559243,-113.493595,0.9281533557883515
6742,132 Street & 160 Avenue,53.621633,-113.552731,2.4772515139958866
1168,36 Street & 121 Avenue,53.575134,-113.39731,0.5928354778222003
7358,95 Street & 132 Avenue,53.592002,-113.487074,2.821089945889425
E224,City Centre Mall Escalator,53.543847,-113.492462,0.18928267075434474
2511,122 Street & 51 Avenue,53.487904,-113.541305,2.640172201321972
A0390,Willoughby Dr & Whitman Pl,53.647517,-113.597211,6.397336410219055
S7705,Chatwin Rd & Chestermere Cr,53.54426,-113.275417,8.215612923179764
7695,Manning Drive & Miller Boulevard,53.60682,-113.413731,1.0020887839953219
8894,213 Street & 100 Avenue,53.539515,-113.686517,2.189890351240694
5741,184 Street & 62B Avenue,53.497093,-113.639948,1.1831716332480458
A0465,Kingswood Dr & Kingsview Point,53.653993,-113.592772,6.595160945174019
7599,Ozerna Road & 158 Avenue,53.6195,-113.449531,1.805500096189668
5150,161 Street & 110 Avenue,53.555684,-113.598864,3.114315941365061
5221,163 Street & 95 Avenue,53.531519,-113.600597,1.1442121435932726
3776,102 Street & 19 Avenue,53.446446,-113.490291,3.790205855255417
9123,Summerside Link & Savaryn Drive SW,53.414851,-113.478078,4.040175145723621
77871,63A Street & McConachie Boulevard,53.639787,-113.435613,2.0807872247194736
3875,Millbourne/Woodvale Stop,53.475316,-113.438959,2.2323895831150256
A0829,Dawson Rd & McKenney Ave,53.641503,-113.634118,8.284761811902385
33113,71 Street & 34 Avenue,53.465221,-113.442921,1.2270745339823856
22065,97 Street & 45 Avenue,53.482864,-113.479582,1.6720053506872186
ODT-66997,184 Street & 127 Avenue,53.584588,-113.639548,6.131265058960122
A0495,St Vital Ave & Malmo Ave,53.634783,-113.636854,7.961056370560939
9793,Allard Boulevard & Adamson Drive SW,53.397855,-113.520885,1.542348990270084
3600,95 Street & 39 Avenue,53.474027,-113.476104,1.956988053969126
3703,Meadows Transit Centre Bay C,53.478417,-113.367498,2.3356402523708466
4585,275 Burton Road South,53.476531,-113.566078,1.4832514007272435
1065,40 Street & 121 Avenue,53.575137,-113.403388,0.93534044233246
S8214,Bethel Transit Terminal,53.54291,-113.305693,6.468991218368446
1745,130 Street & 107 Avenue,53.550874,-113.545777,1.5305684474933239
A0965,Oakland Way & Bellerose Dr,53.662554,-113.613567,8.261832493688322
A0082,Riel Dr & Rowland Cres,53.61738,-113.647581,7.579374316054514
6478,Griesbach Road & Morrison Way,53.613146,-113.508758,0.5955728457476234
2092,86 Street & Coronet Road,53.49943,-113.456807,2.6847917003257606
1817,Groat Road & 118 Avenue,53.569616,-113.54921,0.7214772340420786
L0113,50 Street & 50 Avenue,53.264835,-113.553415,15.91038587257135
2433,75 Street & Wagner Road,53.501945,-113.442499,2.6477961995742763
7165,88 Street & 132 Avenue,53.592084,-113.475452,2.3355632439706993
3635,99 Street & 20 Avenue,53.45001,-113.485606,3.456442909210603
6456,114 Street & 171 Avenue,53.633802,-113.522095,2.0429682340124717
S1009,Sherwood Dr & Granada Blvd,53.527079,-113.295474,8.019520836515682
1855,116 Street & 104 Avenue,53.545837,-113.521423,2.120940989733441
2245,99 Street & 51 Avenue,53.487525,-113.486253,1.4858207278003583
5442,144 Street & 107 Avenue,53.55099,-113.568573,1.7229820866551944
E289,Churchill Stop East Entrance,53.543459,-113.489157,0.03429784616185243
S9222,Regency Dr & Ridgerock Pt,53.515489,-113.253565,10.0889467367178
7016,Northgate Transit Centre Bay J,53.599891,-113.491198,2.4380831598989054
2061,65 Street & 106 Avenue,53.549629,-113.431162,1.0661960432048698
3293,37 Street & 33 Avenue,53.463188,-113.398767,1.9882881915006965
1082,92 Street & Norwood Boulevard,53.560619,-113.481953,0.7556018596983964
5608,482 Ormsby Road West,53.500713,-113.653052,1.8221824975548795
6356,Griesbach Road & 153 Avenue,53.614239,-113.509266,0.5152309585629117
3377,82 Street & 34 Avenue,53.464996,-113.456186,1.7966229246773295
E278,Bonnie Doon Stop North,53.519909,-113.455555,0.47361600038199686
A0911,Grandin Rd & Gordon Cres,53.615993,-113.61933,5.8306287284482705
1982,105 Street & 107 Avenue,53.551335,-113.500436,1.128131799007309
40244,Riverbend Road & Brander Drive,53.496091,-113.578067,3.1056790644164165
7679,32 Street & Kirkness Road,53.609563,-113.390478,1.1848872417286382
ODT-6701,199 Street & Trumpeter Way,53.589313,-113.66468,7.328026769094416
ODT-7092,66 Street & 124 Avenue,53.579412,-113.443106,0.9913747981535603
7982,50 Street & Matheson Way,53.612395,-113.417888,1.631772628283262
4939,Terwillegar Drive & Haddow Drive,53.451739,-113.591766,1.9282448598981166
A0228,Riel Dr & Enjoy Centre North,53.612559,-113.646617,7.324394459738275
S6066,Oak St,53.530099,-113.303516,7.392915259053736
2477,79 Street & 101 Avenue,53.540796,-113.449373,1.1377884222585641
A0691,Bellerose Dr & Inglewood Dr,53.646374,-113.621613,7.736861798917663
6624,127 Street & 142 Avenue,53.604106,-113.540491,1.5177456209722573
A0901,SWC Ave & Park Ave,53.643079,-113.596213,6.08103259240516
1367,50 Street & 118 Avenue,53.570452,-113.419274,1.7076909102508224
9370,Winspear Common & Winspear Crescent SW,53.414415,-113.438031,4.572820941922731
E58,Cambridge Building LRT Access,53.541227,-113.491361,0.2487019843470868
7471,82 Street & 149A Avenue,53.610571,-113.468389,1.6944968055410428
ODT-2557,43A Street & 68 Avenue,53.504952,-113.411469,3.7898070377530275
1031,54 Street & 118 Avenue,53.570622,-113.424664,1.350555333563934
2553,73 Street & 94B Avenue,53.53235,-113.440121,1.0052689766118157
A0119,St Vital Ave & Youville Home,53.637867,-113.632031,7.9363540564973905
7350,82 Street & 128 Avenue,53.585671,-113.467458,2.2414213934598908
8406,Suder Greens Drive & Webber Greens Drive,53.523924,-113.671876,0.3037730618014811
6011,Castle Downs Transit Centre Bay K,53.616686,-113.516839,0.10664978914520543
22658,17 Street & 70 Avenue,53.50701,-113.369166,5.510607259438966
5359,159 Street & 87 Avenue,53.519398,-113.595722,0.553276341849005
99127,119A Street & 30 Avenue SW,53.406896,-113.540399,0.19911287055357346
S8116,Jim Common Dr & Jim Common Dr,53.546692,-113.290793,7.169918190848215
9555,Windermere Wynd & Ware Crescent,53.446287,-113.616096,3.265694530486672
2083,85 Street & 93 Avenue,53.529124,-113.457534,0.637243835078837
1348,101 Street & 113 Avenue,53.562923,-113.493595,0.5945511537047096
5802,186 Street & 50 Avenue,53.48697,-113.646369,2.304418669704073
3397,55 Street & 40 Avenue,53.47599,-113.421204,2.448300005056461
4813,Leger Transit Centre Bay M,53.455186,-113.57954,1.496599408873283
99056,Desrochers Drive & 35 Avenue SW,53.401465,-113.548725,0.9993255500547966
A0354,Chevigny Street & Carleton Drive,53.645109,-113.571135,4.867015820138479
2714,South Campus Fort Edmonton Transit Centre Bay N,53.503596,-113.528803,2.7264808961358282
S4934,Salisbury Wy and Salisbury Ln,53.5103,-113.3071,7.223646001892773
2823,88 Street & 58 Avenue,53.493865,-113.462675,3.1828354364656453
1173,89 Street & Rowland Road,53.547906,-113.470473,1.3645903707561888
4185,105 Street & 25 Avenue,53.456191,-113.500972,2.601056747857404
7815,72 Street & Ozerna Road,53.627343,-113.453488,2.7097145520598347
3594,48 Street & 35 Avenue,53.466024,-113.415107,1.7392464329039725
9557,Windermere Wynd & Ware Crescent,53.44596,-113.617505,3.3549852437354653
A0579,Parkwood Dr & Park Ave,53.640967,-113.594547,5.869961071822845
3106,Silver Berry Road & 30 Avenue,53.460843,-113.385897,1.095142207536278
A0370,Levasseur Road & Heritage Way,53.614211,-113.63025,6.387516275584351
2086,St Gabriel School Road & 106 Avenue,53.550652,-113.422268,1.350888226531499
7990,64 Street & 164 Avenue,53.625616,-113.440052,1.9211404193069705
5967,189 Street & 87A Avenue,53.522161,-113.649085,1.2206570708425086
ODT-9434,Keswick Way & Keswick Boulevard SW,53.422117,-113.642951,6.479956663637817
4421,Ogilvie Boulevard & Ower Place,53.463478,-113.567398,1.2171426794946145
8938,Westview Crescent W & Westview Boulevard,53.552591,-113.69945,3.8753375766806544
22723,106 Street & 47 Avenue,53.484506,-113.504542,0.5593857373477829
6191,127 Street & 127 Avenue,53.585477,-113.541036,0.5676217389051461
1542,100 Street & Jasper Avenue,53.540556,-113.490329,0.2983653901239629
ODT-6683,Starling Drive & Sparrow Crescent,53.597566,-113.654336,7.4549911384950995
2376,Ottewell Road & 90 Avenue,53.525303,-113.43305,1.64450642271941
1123,99 Street & 103A Avenue,53.546146,-113.490019,0.297260870048237
3330,Mill Woods Road & Lakewood Road S,53.456184,-113.447969,0.9064524916176933
4320,Falconer Road & Rabbit Hill Road,53.470083,-113.588799,0.3832831937620998
4114,Rabbit Hill Road & 23 Avenue,53.452903,-113.565703,2.100562507655641
7456,66 Street & 144 Avenue,53.604417,-113.443034,0.2121620795715881
3386,Millbourne Road E & 38 Avenue,53.474128,-113.445865,2.2148521799206145
6269,125 Street & 135 Avenue,53.59637,-113.537428,0.7291610061412398
5246,160 Street & 100A Avenue,53.540332,-113.598303,1.974656329433894
1421,97 Street & 105 Avenue,53.548919,-113.488312,0.6116865386557919
A0663,Bellerose Dr & Boudreau Rd,53.650734,-113.61863,7.7908450669909355
7192,71 Street & 144 Avenue,53.605435,-113.449557,0.335073901432767
9574,Keswick Dr & Hiller Road SW,53.421023,-113.620874,5.740594592552099
9487,Edwards Drive & 7 Avenue SW,53.42764,-113.458031,3.4707410925287623
ODT-1260,61 Street & 122 Avenue,53.576912,-113.435479,0.947960748744984
L0200,42 Street & 82 Avenue,53.306027,-113.535441,11.291895156281981
3457,Mill Woods Road E & 33 Avenue,53.462707,-113.406289,2.033405571651473
73307,Clareview Station Drive & 143 Avenue,53.60558,-113.408146,0.6363205538978703
A0013,SWC Ave & Gatewood Ave,53.621872,-113.64147,7.430399963208746
S6144,Heron Rd & Falcon Dr,53.521372,-113.288778,8.764362474416462
8595,Hemingway Road & 62 Avenue,53.49714,-113.683521,3.1226286468034075
7046,79 Street & 144 Avenue,53.606804,-113.462909,1.1944725102558686
5463,178 Street & 87 Avenue,53.520975,-113.628916,1.92404855271767
3981,66 Street & 34 Avenue,53.465877,-113.436088,1.166593155751392
2352,99 Street & 45 Avenue,53.483558,-113.48597,1.2874877213821294
2852,109 Street & 63 Avenue,53.500356,-113.511827,2.329066951161156
A0597,Gervais Rd & Levasseur Rd,53.614684,-113.614923,5.50495076207825
6594,97 Street & 135 Avenue,53.595747,-113.492215,2.749868390533792
77653,McConachie Drive & McConachie Boulevard,53.634829,-113.42748,1.3177788384678821
9843,Rutherford Point & Rutherford Road SW,53.42228,-113.534225,1.662091840764807
A0881,Pineview Dr & Pineridge Cres,53.638956,-113.587833,5.372947078980668
6045,100 Street & 164 Avenue,53.625952,-113.497498,1.7018060462923388
7535,62 Street & 144 Avenue,53.604962,-113.437842,0.5522429326513737
2147,50 Street & 72 Avenue,53.507913,-113.418453,3.2217735070838733
S7437,Dawson Dr & Donnely Terr,53.555139,-113.271392,8.105898477085521
A0717,Giroux Rd & Bellerose High School,53.64728,-113.656582,9.850680112734409
5383,163 Street & 95 Avenue,53.532112,-113.602613,1.2783169887127956
5156,159 Street & 78 Avenue,53.510245,-113.596408,1.4986867472742065
3058,Knottwood Road E & 19 Avenue,53.44955,-113.440289,0.7645356766939598
8520,199 Street & 62 Avenue,53.494231,-113.665519,2.8247031389424455
6218,132A Street & 137 Avenue,53.599332,-113.54974,1.0959702487658296
8861,170 Street & 107 Avenue,53.553355,-113.616264,3.7662757709619132
L0135,50 Street & 47 Avenue,53.262319,-113.551114,16.18051890607573
4380,Riverbend Road & 40 Avenue,53.477856,-113.582669,1.0555821329620294
7846,95 Street & 160 Avenue,53.621358,-113.487938,1.9993277219623853
8326,178 Street & 116 Avenue,53.565759,-113.627163,4.861733551843146
3654,31A Street & 34 Avenue,53.46519,-113.386041,1.346429604012674
5553,156 Street & 118 Avenue,53.570555,-113.591815,2.625805392596668
6182,Castle Downs Road & Beaumaris Road,53.622635,-113.518059,0.7736624201543615
9129,66 Street & Welsh Drive SW,53.420501,-113.441952,3.921463803810803
3609,Parsons Road & 19 Avenue,53.444236,-113.480706,3.320995474578776
4966,Towne Centre Boulevard & Tompkins Wynd,53.449939,-113.578061,2.088668005677093
7249,97 Street & 134 Avenue,53.595039,-113.491785,2.830451843737635
2878,99 Street & 85 Avenue,53.520635,-113.486216,0.7585433029136824
9439,Allan Way & Allan Drive SW,53.428202,-113.596611,4.5528675662827105
9608,162 Street & Glenridding Boulevard SW,53.421071,-113.602215,4.556864669643509
5922,188 Street & 72 Avenue,53.505072,-113.648552,1.4984679082662922
4880,Rabbit Hill Road & 23 Avenue,53.454202,-113.566283,1.9605466286143294
9623,63 Street & Welsh Drive SW,53.420333,-113.437482,3.91317371597798
5447,Connaught Drive & 102 Avenue,53.542927,-113.541532,2.458010673673944
7395,91 Street & 175 Avenue,53.636541,-113.479795,3.361904145508489
8037,199 Street & Glenwright Crescent,53.504037,-113.664607,2.17269499881184
ODT-8883,Phillips Row & Potter Greens Drive,53.513676,-113.672498,1.1443113133951528
9856,Roberston Way & Rutherford Road SW,53.422522,-113.530007,1.7479645187218786
33027,24 Street & 17 Avenue,53.447318,-113.375279,1.179062222184911
7904,West Clareview Transit Centre Bay G,53.602334,-113.412018,0.6881368664151936
8837,Hemingway Road & 60 Avenue,53.495434,-113.683293,3.2967151715318086
6853,139 Street & Cumberland Road,53.608039,-113.558945,2.23791245332691
1537,95 Street & 114 Avenue,53.564635,-113.487039,0.22496448300297578
2828,99 Street & 74 Avenue,53.509926,-113.486325,1.2932042746064307
5588,142 Street & 91 Avenue,53.525171,-113.565622,1.657486364855031
ODT-66168,Albany Way & 167 Avenue,53.629584,-113.555551,3.001107747867571
3246,Mill Woods Road E & 32 Avenue,53.461367,-113.406427,1.9702503667401075
4346,Rabbit Hill Road & Mullen Road,53.434431,-113.574025,3.834955283882899
1325,87 Street & 118 Avenue,53.570339,-113.474435,0.938330284087663
8812,184 Street & 111 Avenue,53.559621,-113.641022,4.3838093258936315
2606,Davies Transit Centre Bay F,53.499896,-113.443868,2.821729018288457
1386,87 Street & 122 Avenue,53.576646,-113.473972,1.4147349492135148
5649,180 Street & 76 Avenue,53.509452,-113.633675,0.8088011991658446
5641,175 Street & 100 Avenue,53.538403,-113.622258,2.70483335558331
L0355,5 Street & 15A Avenue,53.32232,-113.531223,9.487133100266536
9723,Cunningham Drive & 30 Avenue SW,53.404419,-113.522118,1.082580283287671
ODT-2199,60 Street & 85 Avenue,53.520457,-113.425754,2.225144140176156
5567,182 Street & 95 Avenue,53.528929,-113.637626,2.0623454028258754
E113,107 Street & Jasper Avenue South,53.540702,-113.504496,1.0255757112871517
2419,98 Street & 77 Avenue,53.513214,-113.481957,1.2420790941640496
5398,146 Street & 109 Avenue,53.556413,-113.572319,1.4708179176542482
5353,159 Street & Stony Plain Road,53.541391,-113.596655,2.0638180609046244
3550,Youville Drive E & 28 Avenue,53.459558,-113.424995,0.7734187413243694
5859,189 Street & 96 Avenue,53.531729,-113.64872,1.5387865069376927
5964,178 Street & 95 Avenue,53.5293,-113.630367,2.5366982192594456
5482,178 Street & 87 Avenue,53.521911,-113.630113,2.0366637552277767
1067,34 Street & 116A Avenue,53.569086,-113.393604,0.35002858924593344
2521,77 Street & 106 Avenue,53.549236,-113.445803,1.3590752864675755
F3029,93 Avenue at Jubliee Park WB,53.701354,-113.210284,15.597556640601335
3269,79 Street & Millbourne Road W,53.480866,-113.456554,3.161791583983043
S7102,Baseline Rd & Brower Dr,53.541309,-113.287561,7.614331001848125
8103,Glastonbury Boulevard & Galland Close,53.499232,-113.669029,2.7021011609770356
5223,156 Street & 112 Avenue,53.560459,-113.590563,2.4592522564065473
ODT-2441,72 Street & 86 Avenue,53.521115,-113.43787,1.4508749868562683
6247,130 Street & 150 Avenue,53.612327,-113.546201,1.993251090622479
8170,199 Street & Hemmingay Road,53.487582,-113.664581,3.1268052471565437
6574,132 Street & 132 Avenue,53.592274,-113.549298,0.4988342159134148
8540,206 Street & Webber Greens Drive,53.524688,-113.673581,0.43397355461414455
7889,77 Street & 164 Avenue,53.625587,-113.46136,2.672750533567724
A0149,Larose Dr & Larson Ave,53.647888,-113.642662,9.072721595786058
A0096,Riel Dr & SWC Ave,53.62687,-113.635664,7.382688147703023
L0323,5 Street & 24 Avenue,53.351334,-113.531157,6.263231244431312
E83,University Transit Centre South Access,53.524648,-113.523065,1.7926449413965506
A0409,Arlington Dr & Arcand Dr,53.623471,-113.600338,5.30818543425555
1087,54 Street & 123 Avenue,53.578402,-113.424232,1.6308390762336855
7019,76 Street & Schonsee Drive,53.632219,-113.457537,3.0970690963974112
8715,Lewis Estates Boulevard & Suder Greens Drive,53.519548,-113.680956,1.0031817358907358
7946,740 Hooke Road,53.582769,-113.378158,1.484789374003154
8072,Lewis Greens Drive & 94 Avenue,53.530772,-113.675514,0.9745154016774128
1239,86 Street & 114 Avenue,53.563934,-113.473411,0.9608627602601687
2033,97 Street & 82 Avenue,53.518154,-113.480179,1.1566545918407583
7778,Victoria Trail & Clareview Road,53.589804,-113.385645,1.6665307001166563
4224,111 Street & 23 Avenue,53.454046,-113.51768,2.971071375530824
77260,85 Street & 180 Avenue,53.642125,-113.471863,4.171247847826024
9455,Watt Boulevard & Ellerslie Road SW,53.424277,-113.436432,3.4714746291491694
E284,Strathern Stop East Entrance,53.531712,-113.462076,0.9308715239135413
3681,19 Street & 37 Avenue,53.471327,-113.371705,1.5411336711979216
4074,114 Street & 37 Avenue,53.471164,-113.527652,1.8162303935254536
A0396,Richardson Drive East,53.604802,-113.644111,6.921115084218831
3555,57 Street & 38 Avenue,53.472974,-113.426967,2.0120821537598403
7523,88 Street & 153 Avenue,53.615647,-113.476776,2.4612364825264845
S8011,Broadway Blvd & Broadview Dr,53.543971,-113.314937,5.881487212006325
A0394,Richardson Drive South,53.602045,-113.646633,7.021437145148246
A0537,Nakî Transit Station and Park and Ride,53.615453,-113.593184,4.361096205238177
4479,110 Street & 21 Avenue,53.452998,-113.513043,3.006933982983376
5072,Dovercourt Avenue & 123 Avenue,53.575139,-113.559899,1.3285335993985399
6337,127 Street & 153 Avenue,53.616288,-113.541406,1.640554389274476
L0151,Sparrow Crescent,53.30391,-113.544793,11.536643101044731
3150,Mill Woods Road E & 17 Avenue,53.447334,-113.403185,2.2604742212306834
77632,Fort Road & 136 Avenue,53.59846,-113.422621,1.416239181043654
4357,115A Street & 40 Avenue,53.476237,-113.531655,1.8634186378898105
7304,87 Street & 164 Avenue,53.626223,-113.475471,2.9632766322578603
7429,88 Street & 158A Avenue,53.619186,-113.475017,2.611379981469726
3728,50 Street & 31 Avenue,53.461645,-113.421125,1.1186317497709348
2928,Gateway Boulevard & Whitemud Drive,53.481104,-113.492663,0.7817997025932412
3183,99 Street & 39 Avenue,53.474411,-113.485971,1.3309544302383136
7090,Fort Road & 132 Avenue,53.592307,-113.430236,1.6099354701021535
3439,37 Street & 35 Avenue,53.465907,-113.399876,2.1704212591369205
6021,112 Street & Beaumaris Road,53.62252,-113.516431,0.7552080681975006
5397,169 Street & Stony Plain Road,53.541419,-113.613739,2.5485220861752067
6289,127 Street & 128 Avenue,53.585549,-113.54133,0.5569685770053383
6384,124 Street & 161 Avenue,53.622796,-113.536691,1.5424473667402503
7256,79 Street & 144 Avenue,53.60704,-113.46411,1.2781959807336731
1207,Coliseum Transit Centre Bay H,53.570972,-113.460196,1.004347641810784
5927,172 Street & 97 Avenue,53.534029,-113.619064,2.249194915866215
5703,142 Street & 112 Avenue,53.560834,-113.565976,0.8659094258037942
ODT-6709,215 Street & Hawks Ridge Boulevard,53.588612,-113.689795,7.398871298550266
2211,Southgate Transit Centre Bay K,53.485055,-113.516219,1.0144204414037479
1220,64 Street & 112 Avenue,53.565145,-113.436872,0.8120767506540754
S8012,Broadway Blvd & Broadmoor Blvd,53.544941,-113.318884,5.602261802812125
1427,97 Street & 118 Avenue,53.571458,-113.492059,0.624920734972074
2764,114 Street & 82 Avenue,53.517955,-113.525651,1.876044564331027
5419,184 Street & Callingwood Road,53.495436,-113.642152,1.4137690682416186
2761,109 Street & 80 Avenue,53.516446,-113.511856,1.0107045385077407
1574,95 Street & 118 Avenue,53.569991,-113.487341,0.37148458563090125
9714,Callaghan Drive & Cantor Landing SW,53.408301,-113.525539,0.8052295751299324
7144,51 Street & 144 Avenue,53.606838,-113.41947,1.323863663970715
7657,Hyndman Crescent & Hermitage Road,53.578219,-113.379728,1.0236353971837042
1029,32 Street & 111 Avenue,53.563485,-113.389488,0.9113075372963789
7631,Hooper Crescent E Ent & Hooke Road,53.584135,-113.387506,1.40413075973944
ODT-4279,Whitemud Drive NB & 53 Avenue,53.490536,-113.570901,2.608163627097281
2495,79 Street & 103 Avenue,53.544982,-113.449198,1.2491759467683337
1863,Central Station,53.541035,-113.491717,0.2788406969733192
1472,87 Street & Jasper Avenue,53.552865,-113.47283,1.5286144969936943
6714,127 Street & 167 Avenue Nearside,53.628611,-113.54385,2.301448918938618
S5156,Main Blvd & Mardale Cr,53.53437,-113.29843,7.381291747585764
S8814,Strathmoor Wy,53.562854,-113.324499,4.4837645464429
2099,33 Street & 76 Avenue,53.512271,-113.388123,4.258957737349925
6405,125 Street & Rapperswill Drive,53.632155,-113.538414,2.3273178824973577
L0209,50 Avenue & 52 Street,53.264649,-113.558417,15.956582716986054
8662,178 Street & 103 Avenue,53.545552,-113.627297,3.4870613132185557
A0793,Giroux Rd & Dufferin St,53.648193,-113.653295,9.735574071479467
6169,113A Street & 137 Avenue,53.59941,-113.516016,1.817460677155266
77682,18 Street & 153 Avenue,53.616622,-113.368992,2.7593296904252664
1691,Churchill Station,53.54442,-113.489045,0.11227398646287931
3824,94 Street & 23 Avenue,53.451777,-113.472219,2.5466474139415345
A0203,Cunningham Rd & Sunset Blvd,53.63239,-113.613403,6.619975475604383
22330,36 Street & 56 Avenue,53.493263,-113.39729,4.3624514282681535
3664,99 Street & 19 Avenue,53.447873,-113.484555,3.4382398322229744
66094,121 Street & 152 Avenue,53.614012,-113.528811,0.8284312362306782
5873,160 Street & 118 Avenue,53.570303,-113.596623,2.925171953122645
5039,154 Street & 123 Avenue,53.57736,-113.588419,2.7446482813227613
9162,Callaghan Drive & Callaghan Drive Cul De Sac SW,53.410686,-113.523894,0.9768935943802388
7038,59A Street & 156 Avenue,53.617587,-113.432596,1.8008741959203214
2870,99 Street & 87 Avenue,53.523007,-113.486005,0.8575970780314279
S7011,Craigavon Dr & Carmel Rd,53.537946,-113.266387,9.04285237756827
2833,110 Street & 57 Avenue,53.494135,-113.51554,1.7979086335676182
ODT-2405,60 Street & 82 Avenue,53.517985,-113.42627,2.2800463646126614
77426,Brintnell Boulevard & 167 Avenue,53.6281,-113.406,0.34970698480786233
1610,Sherbrooke Avenue & 122 Avenue,53.577074,-113.544551,1.5029097493855423
7315,77 Street & 161A Avenue,53.623317,-113.461895,2.4567887693805166
A0803,Deer Ridge Dr & Dubonnet Way,53.653756,-113.660121,10.392054964676715
QQUA,Quarters Stop,53.544426,-113.484008,0.3899100443437204
4681,Haddow Drive & Hunters Green,53.456366,-113.596557,1.5853915748618197
4556,105 Street & 16 Avenue,53.445297,-113.499018,3.8201469855703314
ODT-8933,Hope Way & Hope Road,53.486221,-113.68024,4.0911621791917145
9761,Watt Promenade & Watt Boulevard SW,53.41943,-113.430576,4.016200581194773
1140,50 Street & 114 Avenue,53.566738,-113.417967,1.8445452936873163
7272,54 Street & 153 Avenue,53.615724,-113.423892,1.595333022713674
S9229,Foxboro Dr & Regency Dr,53.522277,-113.253664,10.582879954090064
4470,Carter Crest Road & Cheriton Crescent W,53.462837,-113.578905,0.6977630729985109
4062,112A Street & 40 Avenue,53.47566,-113.522336,1.2820649144734326
4292,Butterworth Way & Burton Road,53.479391,-113.565544,1.7211400297413741
99517,Heritage Valley Trail & Ellerslie Road SW,53.424963,-113.548347,2.0735272414647747
A0051,SWC Ave & Grandin Village III,53.616694,-113.6412,7.1618094815222655
A0251,Westwood Dr & Windsor Cres,53.644941,-113.607375,6.826593911013273
S7522,Summerland Dr & Suncreek Dr,53.560289,-113.25174,9.282967429575468
7231,91 Ozerna Road,53.618122,-113.451237,1.674410539613671
2969,University Station,53.52494,-113.522258,1.7531079980823203
3753,32 Street & 16A Avenue,53.444107,-113.38768,1.8820394501290152
3626,50 Street & 44 Avenue,53.481533,-113.418378,3.0918475783016888
6043,100 Street & 162A Avenue,53.623905,-113.496426,1.6170009034214454
7957,46 Street & 137 Avenue,53.597274,-113.409616,0.6861932026813004
22992,Muttart Stop,53.536628,-113.479103,1.010041496673763
1437,105 Street & 120 Avenue,53.573713,-113.501009,1.2071401913520234
3901,Mill Woods Transit Centre Bay A,53.457614,-113.428223,0.4749171469540894
6695,135 Street & 155 Avenue,53.616828,-113.555242,2.5579123491461773
E168,,53.571049,-113.457927,0.8546764631562602
7325,93 Street & 140 Avenue,53.603202,-113.484651,2.5351422691512164
2584,45 Street & 103 Avenue,53.544745,-113.411844,1.4495723807479706
A0765,Perron St & St Thomas Street,53.633302,-113.624634,7.233372770149794
99514,127 Street & Ellerslie Road SW,53.42465,-113.540378,1.920025130591691
1622,104 Street & Jasper Avenue,53.541032,-113.500254,0.7460632830850727
1850,105 Street & 104 Avenue,53.546333,-113.502197,0.8887434574539722
77356,Northgate Mall East Entrance,53.597864,-113.486547,2.7692113010197676
3471,60 Street & Woodvale Road W,53.467476,-113.430451,1.3642112519884197
4646,Rabbit Hill Road & Leger Boulevard,53.459837,-113.56693,1.468923785388169
Q2159,Health Sciences Trail Track,53.518538,-113.526349,1.9176031360232106
3304,32 Street & 21 Avenue,53.451416,-113.386307,1.255770107988735
9687,119 Street & MacEwan Road SW,53.428805,-113.529265,2.4367188245786595
5420,149 Street & 84 Avenue,53.517265,-113.577841,1.0648936369099093
ODT-5348,149 Street & 91 Avenue,53.525206,-113.577863,0.8601595002279481
5109,Jasper Place Transit Centre Bay F,53.54069,-113.591909,1.946263861998704
7779,84 Street & 162 Avenue,53.624889,-113.473694,3.0184537149831203
2346,79 Street & 102 Avenue,53.5429,-113.449392,1.1789686219066566
5193,170 Street & 95 Avenue,53.531578,-113.613875,1.813197042779013
5261,152 Street & 76 Avenue,53.508562,-113.583477,1.6954075397813047
7356,66 Street & 137 Avenue,53.598929,-113.442712,0.5407143017514475
5672,175 Street & 85 Avenue,53.518097,-113.623899,1.6009970938945168
22165,39 Street & 53 Avenue,53.490381,-113.401072,4.188203932325789
9236,55 Street & 3 Avenue SW,53.430175,-113.427263,2.8518614499877906
9635,Allan Drive & Windermere Boulevard SW,53.43244,-113.589664,4.02063376867604
6883,112 Street & 176 Avenue,53.636573,-113.516405,2.319210603317322
3501,32 Street & 19 Avenue,53.449426,-113.387664,1.4576949476147478
6530,St Albert Trail & 137 Avenue,53.598684,-113.574631,2.321546534799053
6731,107 Street & 176 Avenue,53.640236,-113.507201,2.7973397842898433
9188,87A Street & Summerside Drive SW,53.42132,-113.465328,4.31901581733295
6436,104 Street & 137 Avenue,53.599615,-113.50022,2.097471469890132
6373,135 Street & 132 Avenue,53.592504,-113.554043,0.8040795606408238
6131,Castle Downs Road & 162 Avenue,53.622969,-113.519341,0.8247599413187632
9108,91 Street & Savaryn Drive SW,53.415294,-113.48042,3.898492264523076
4164,Saddleback Road & 23 Avenue,53.453757,-113.524801,3.175798495405497
1459,34 Street & 111 Avenue,53.564052,-113.393119,0.8625885052042115
E145,109 Street Southbound,53.535468,-113.508812,1.5369587549536872
2680,109 Street & 82 Avenue,53.517994,-113.510829,0.900270896025732
F1001,Westpark Boulevard WB,53.682438,-113.24662,12.46236142477983
QMW,Mill Woods Stop,53.458447,-113.429725,0.45524831771217256
77326,71 Street & Schonsee Drive,53.632701,-113.453246,2.8264580222411726
3348,46 Street & 36 Avenue,53.466792,-113.411926,1.9542493955739544
2897,106 Street & 76 Avenue,53.512236,-113.503913,0.9097859772183936
3586,49 Street & 44 Avenue,53.482008,-113.416122,3.195330652059799
2814,67 Street & 76 Avenue,53.512176,-113.429567,2.344978668550713
A0489,Bellerose Dr & St Albert Trail,53.644194,-113.624112,7.783915244248272
5899,182 Street & 91 Avenue,53.525583,-113.639088,1.8890393036049598
5992,182 Street & 84 Avenue,53.517016,-113.638142,1.6775441656072336
7364,85 Street & 130 Avenue,53.589201,-113.471434,2.3225112922571767
E231,Law Courts Park Stairs,53.5453,-113.488761,0.21105685311813346
99046,Orchards Way & Chokecherry Lane SW,53.408761,-113.452317,5.330662122442226
3010,Lakewood 3010,53.45855,-113.445336,0.8056756993766692
1985,Bay Enterprise Square  Station,53.54091,-113.497985,0.6112453885337776
7226,42 Street & 139 Avenue,53.600166,-113.408652,0.47288166227608625
9406,Desrochers Boulevard & Desrochers Gate SW,53.399223,-113.545123,1.0473283139716534
A0028,Erin Ridge Dr & Empress Way,53.665514,-113.616031,8.597268915912329
5087,138 Street & 102 Avenue,53.54311,-113.560173,2.3355062184751785
A0205,Cunningham Rd & Forest Dr,53.631142,-113.610526,6.387104030049776
2817,108 Street & 51 Avenue,53.488161,-113.508988,1.018075173659202
9823,78 Street & 22 Avenue SW,53.412707,-113.456855,4.985507048815584
7750,87 Street & 137 Avenue,53.599689,-113.475148,1.9884328682795316
7133,66 Street & 146 Avenue,53.607207,-113.443059,0.4570761722691195
4749,Leger Gate & 23 Avenue,53.454254,-113.574298,1.6947980975134582
1792,107 Street & 97 Avenue,53.534138,-113.504614,1.4169345391349404
2286,25 Street & 76 Avenue,53.512225,-113.380795,4.609905747004127
1044,80 Street & 118 Avenue,53.57033,-113.46337,1.2140003850595014
5380,146 Street & 107 Avenue,53.551115,-113.572834,1.8866745498394437
4180,115 Street & 12 Avenue,53.444856,-113.531765,4.177588890105748
3114,50 Street & 25 Avenue,53.456509,-113.420783,0.9109326195885472
A0267,Falstaff Ave & Fenwick Cr,53.631919,-113.598264,5.693553720402803
3041,77 Street & Knottwood Road S,53.442769,-113.452512,1.855112675859535
4510,Magrath Boulevard & Martell Crescent,53.4479,-113.553515,3.0398982315992784
9944,DL MacDonald Platform,53.595157,-113.422105,1.5101081832379695
ODT-7331,78 Street & 130 Avenue,53.589095,-113.459819,1.8467242873009362
A0056,Kingsway Dr & Kingswood Dr,53.650599,-113.591687,6.301281798851747
3970,21 Street & 34 Avenue,53.467664,-113.375471,1.1802725349381453
5754,176 Street & 76 Avenue,53.508773,-113.625848,0.5569593776924507
S7012,Craigavon Dr & Glencoe Blvd,53.535193,-113.266919,9.142815308138156
7105,East Clareview Transit Centre Bay O,53.601607,-113.410836,0.6011993190253494
E198,Canadian Western Bank Tower LRT Access,53.540807,-113.498444,0.6436863451504478
5014,175 Street & 87 Avenue,53.519927,-113.62368,1.8051532161358406
66134,Albany Drive & 167 Avenue,53.628801,-113.550855,2.691092549473694
5134,139 Street & 107 Avenue,53.55086,-113.560805,1.5071287410617713
ODT-4036,143 Street & 56 Avenue,53.493307,-113.566818,2.992350098844942
2155,83 Street & 76 Avenue,53.511882,-113.455366,1.3205764828047921
3310,33 Street & 43 Avenue,53.480537,-113.392276,2.947034047308037
9241,6250 Currents Drive W,53.436857,-113.606435,3.819285466432161
3630,99 Street & 19 Avenue,53.445306,-113.485163,3.557557887680981
6006,Castle Downs Transit Centre Bay F,53.616658,-113.516475,0.10319423812346037
1434,101 Street & 113 Avenue,53.562461,-113.493827,0.6420002322013258
S5111,Village Dr & Village Ln,53.51733,-113.32257,7.376450950253591
QCLV,Clareview Station,53.601592,-113.411819,0.6660978926059075
77122,Ozerna Road & 165A Avenue,53.626227,-113.460555,2.7189885169484076
3874,Mill Woods Road E & 23 Avenue,53.455158,-113.407748,1.769400365477484
3782,17 Street & 23 Avenue,53.454155,-113.370182,0.372757514240257
7033,79 Street & 149A Avenue,53.610587,-113.463673,1.4273039507474716
2860,104 Street & 82 Avenue,53.517983,-113.497133,0.16547795814997263
F3018,108 Street and 99 Avenue SB,53.712651,-113.204561,16.599922055610932
9606,Cooper Bend & Chappelle Way SW,53.401465,-113.589106,3.4923890549977905
5575,142 Street & 111 Avenue,53.558768,-113.564594,0.9020138881244762
5209,Westmount Transit Centre Bay G,53.561294,-113.555736,0.3007221906763022
7569,23 Street & 142 Avenue,53.605256,-113.377962,1.6362572121331749
4266,Burton Road & Burrows Crescent,53.479474,-113.56875,1.5859114614256493
6534,124 Street & 135 Avenue,53.596371,-113.53612,0.7720037626046158
S8304,Sherwood Drive & Cimmaron Way,53.551195,-113.295547,6.693659424433029
2079,91 Street & 83 Avenue,53.518696,-113.467533,0.7610359144308825
A0974,St. Albert Centre Exchange,53.639251,-113.623583,7.544293507152866
7326,64 Street & 159 Avenue,53.621034,-113.438304,1.946296435413702
L0157,45 Street & 66 Avenue,53.284903,-113.542035,13.645176709348606
A0071,North Ridge Dr & Nicola Rd,53.647326,-113.671498,10.62989017384252
2693,17 Street & Oak Ridge Drive,53.503012,-113.367644,5.068326118848939
6040,100 Street & 158 Avenue,53.619705,-113.496096,1.4290600718818485
5035,Groat Road & 116 Avenue,53.566442,-113.549588,0.411922238044802
77359,14 Street & Fraser Way,53.611209,-113.363156,2.7836065769425753
5823,185 Street & 97A Avenue,53.533901,-113.641746,2.055819765043119
33031,25 Street & 14 Avenue,53.441123,-113.376748,1.871213434889025
4065,118 Street & 23 Avenue,53.454056,-113.530877,3.341753215691597
2003,University Transit Centre Bay C,53.524767,-113.522833,1.7824325283296623
3707,Meadows Transit Centre Bay G,53.478534,-113.367799,2.347068491825659
66156,Admiral Girouard Street & 137 Avenue,53.599952,-113.51206,1.7825685578953998
2475,65 Street & 106 Avenue,53.548914,-113.431339,0.9860262220855684
Q3622,Belvedere Station,53.588187,-113.433239,1.8889473816198123
3537,Woodvale Road E & 38 Avenue,53.470853,-113.422194,1.8962556595635054
4846,Fort Edmonton Park Road & Fox Drive,53.503464,-113.563108,2.848734730677255
A0311,Akins Dr & Alpine Blvd,53.633491,-113.583862,4.867348940899127
E51,Royal Bank LRT Access,53.540795,-113.494505,0.4210011466129707
1924,101 Street & Kingsway,53.554936,-113.494297,1.3110031740823849
88278,199 Street & Elston Gate,53.472035,-113.664837,4.369832967892474
ODT-6828,Albany Cove & Albany Way,53.632106,-113.555849,3.170526836089838
Q5159,South Campus Station,53.50252,-113.528512,2.7912432031587997
88169,222 Street & Secord Boulevard,53.535549,-113.697949,2.4325911455160685
9628,63 Street & Welsh Drive SW,53.42049,-113.438555,3.9001486296569343
8167,224 Street & Rosenthal Boulevard,53.516501,-113.702649,2.4668844160562378
5190,163 Street & 100 Avenue,53.539187,-113.601891,1.9329422229478626
77841,66 Street & 170 Avenue,53.632659,-113.442732,2.1460484183543733
S7530,Springdale Pt & Sandstone Blvd,53.562679,-113.257729,8.855860499139487
6427,116 Street & 134 Avenue,53.594859,-113.521258,1.4790977364668387
A0927,Hogan Rd & Nelson Ct,53.647544,-113.665381,10.322202967573954
A0106,North Ridge Dr & Naples Way,53.645975,-113.671358,10.533744655417465
ODT-1361,61 Street & 121 Avenue,53.575144,-113.435689,0.8016069763100646
2818,50 Street & 55 Avenue,53.491449,-113.418325,4.146483760328809
8402,205 Street & 62 Avenue,53.495011,-113.673454,3.195326314697549
1177,50 Street & 123 Avenue,53.57799,-113.418506,1.9421529826651993
ODT-1942,110 Street & 99 Avenue,53.537306,-113.511711,1.6056856274250253
ODT-6841,104 Street & Castle Drive,53.642956,-113.500084,3.2213417195524796
2896,104 Street & 84 Avenue,53.519778,-113.497698,0.038713822393684934
5798,188 Street & 73 Avenue,53.507361,-113.648545,1.5435689986818106
3031,Knottwood Road W & 19 Avenue,53.448235,-113.46203,2.004531678064858
4559,108 Street & 40 Avenue,53.475914,-113.51166,0.6391474258471764
8500,181 Street & 118 Avenue,53.569328,-113.635132,5.420001009148075
9122,90 Street & Savaryn Drive SW,53.413501,-113.473564,4.308678814749593
A0673,Giroux Rd & Dunbar St,53.65375,-113.632697,8.766059604212327
4753,Stinson Road & South Terwillegar Boulevard,53.442369,-113.581779,2.8994848035072733
1890,109 Street & Princess Elizabeth Avenue,53.56502,-113.505996,1.2602693738971378
4012,105 Street & 42 Avenue,53.478271,-113.501052,0.24462343195529607
5581,175 Street & 95 Avenue,53.530263,-113.622888,2.2924725577036074
4325,Ogilvie Boulevard & Hodgson Boulevard,53.462278,-113.559191,1.768543700506957
3247,38 Street & 43 Avenue,53.480253,-113.398768,3.1564300913307326
4050,106A Street & 25 Avenue,53.456427,-113.503702,2.56651570392212
4644,Schmid Crescent & South Terwillegar Boulevard,53.441622,-113.588484,2.996024996421951
2516,114 Street & 78 Avenue,53.514548,-113.525645,1.9464729051633936
5438,159 Street & 87 Avenue,53.518964,-113.596856,0.6390343676891272
77280,50 Street & 162 Avenue,53.621737,-113.414554,0.7235881672367878
9675,James Mowatt Trail & Blackmud Creek Drive SW,53.421358,-113.516192,2.0990507454554947
3278,48 Street & 26 Avenue,53.457687,-113.415952,1.2492737643599126
E204,Coliseum Elevator,53.570801,-113.457755,0.8420480509741429
E246,Hub Mall South Entrance,53.524942,-113.521223,1.689007397436257
5237,149 Street & 95 Avenue,53.531923,-113.577876,1.2754218732163651
2259,Park Ridge Crescent & Maple Ridge Drive,53.49964,-113.367497,4.693688542236788
A0993,Erin Ridge Dr & Bellerose Dr,53.665036,-113.610065,8.264042927687338
A0497,Deer Ridge Dr & Devon Cl,53.656571,-113.649877,9.916410898135204
3602,Tamarack Road & 36A Avenue,53.471588,-113.364649,1.6133862203315097
1024,102 Street & 111 Avenue,53.558788,-113.497897,1.1275610564425989
P0072,Westwind Drive & McDonald's,53.56526,-113.882786,15.018543595811376
77423,70 Street & 137 Avenue,53.599555,-113.448639,0.47123772425623023
7696,40 Street & 134 Avenue,53.595012,-113.400539,0.7047816039948136
9539,225 Parsons Road,53.432016,-113.480384,4.017869810717275
6206,133 Street & 140 Avenue,53.601545,-113.549952,1.3263091194209768
8602,Lewis Farms Transit Centre Bay B,53.523196,-113.666821,0.04816934623161675
3145,48 Street & Mill Woods Road S,53.444795,-113.412965,1.8517508983024453
6474,123A Street & 137 Avenue,53.599656,-113.535466,1.1153193022597447
3275,44 Street & Kulawy Gate,53.474667,-113.406711,2.820194037266647
2122,79 Street & 95 Avenue,53.533291,-113.448202,1.2990482075204601
8158,184 Street & 107 Avenue,53.553637,-113.639597,3.8267818755856498
1094,82 Street & 112 Avenue,53.561148,-113.466253,1.5156565433646527
7770,95 Street & 165 Avenue,53.627283,-113.486913,2.3492831877897853
7766,36 Street & 144 Avenue,53.606283,-113.396108,0.6691489194056405
3355,50 Street & Jamha Road,53.484782,-113.417178,3.4591461675592914
1204,Coliseum Transit Centre Bay D,53.570692,-113.459938,0.9863895091270405
2596,92 Street & 90 Avenue,53.525572,-113.468264,0.6328513536373834
2385,86 Street & 58 Avenue,53.493242,-113.455177,3.3795743856502205
2692,99 Street & 76 Avenue,53.512643,-113.485974,1.0758063307038945
1492,101 Street & 103A Avenue,53.545782,-113.493543,0.36233227362875803
5147,143 Street & 112 Avenue,53.56055,-113.567913,0.9969170461240845
8844,211 Street & 96 Avenue,53.532414,-113.683298,1.450659477996249
A0076,19 Riel Dr,53.625615,-113.639325,7.513047462199872
S8802,Premier Wy & Portage Ln,53.561616,-113.316353,5.040628967848606
9023,170 Street & Windermere Boulevard,53.436189,-113.611364,4.025886302363607
3490,44 Street & 41 Avenue,53.476996,-113.407831,2.976867487858946
F3030,101 Street at Jubilee Park SB,53.703737,-113.207437,15.89698738393482
3702,Meadows Transit Centre Bay B,53.478591,-113.367515,2.3548488288640996
5870,178 Street & 71 Avenue,53.505528,-113.631268,0.3962597378691007
77262,Londonderry Mall East Entrance,53.602551,-113.444441,0.13209048395861864
6030,Beaumaris Road & Stirling Road,53.619749,-113.503913,0.9529410376590067
5602,Dechene Road & 57 Avenue,53.493076,-113.633653,1.2921482285225723
A0330,Rankin Dr & Riverside Dr,53.630937,-113.648406,8.336339678554317
5755,183A Street & 76 Avenue,53.509129,-113.639825,1.089978282955564
5450,154 Street & 87 Avenue,53.519525,-113.586747,0.47786154593837293
2446,46 Street & 107 Avenue,53.554151,-113.413596,1.9962703825246695
5456,142 Street & 114 Avenue,53.562299,-113.565687,0.7999753626867688
7527,72 Street & 149 Avenue,53.610463,-113.448964,0.8104522226574622
7809,71 Street & Ozerna Road,53.627671,-113.451,2.6280849459283115
3556,Mill Woods Road E & 23 Avenue,53.45474,-113.409232,1.6723805187173435
4140,109 Street & 32 Avenue,53.463484,-113.511443,1.846108502650987
77689,Cy Becker Boulevard & Cy Becker Drive,53.630433,-113.401582,0.698958549623217
7942,Victoria Trail & 132A Avenue,53.593218,-113.385375,1.409823739993223
5733,172 Street & Callingwood Road,53.497856,-113.620875,0.7431918025293571
1392,119 Street & Jasper Avenue,53.540846,-113.526137,2.435080545922407
L0114,52 Street & 50 Avenue,53.264857,-113.55809,15.931637973834848
7553,91 Street & 172 Avenue,53.633496,-113.479789,3.1384853670463437
A0542,Nakî Transit Station and Park and Ride,53.615613,-113.593359,4.381364904117373
ODT-9423,109 Street & Blackburn Drive SW,53.431235,-113.509342,3.242148506131904
5947,172 Street & 95 Avenue,53.532655,-113.619219,2.1803292669915613
1580,34 Street & 118 Avenue,53.570713,-113.393544,0.224508143978639
1840,112 Street & Jasper Avenue,53.541037,-113.514623,1.675871504521892
3063,62 Street & Mill Woods Road S,53.445572,-113.430943,1.1222509518270583
9320,Watt Common & Watt Boulevard SW,53.421728,-113.424175,3.8132694351079985
6264,122 Street & 134B Avenue,53.595221,-113.531156,0.9086104069173221
99002,182 Street & Kulay Green SW,53.419788,-113.636335,6.439229404092224
1883,112 Street & 104 Avenue,53.546332,-113.514484,1.674992227989713
E285,Muttart Stop East Entrance,53.53677,-113.478905,1.0078484005273511
2718,Avonmore Stop,53.508301,-113.455149,1.71513987542456
5654,182 Street & 87 Avenue,53.521506,-113.636575,2.053291455907192
3851,19 Street & 35 Avenue,53.469717,-113.371486,1.3614191171631533
ODT-8795,Potter Greens Drive & Pardee Bay,53.517348,-113.666712,0.6849052876114341
55398,165 Street & 99 Avenue,53.537789,-113.606035,1.9240590203743493
E147,,53.535677,-113.510185,1.6008829157985272
2883,Scona Road & 94 Avenue,53.531364,-113.485473,1.3457203345249225
6102,Castle Downs Road & 153 Avenue,53.614317,-113.51428,0.22177286720936082
7472,53 Street & 129 Avenue,53.587659,-113.423417,2.088087728182187
99037,Glenridding Ravine Drive & Rabbit Hill Road SW,53.409922,-113.607664,4.669340721666043
9219,Cunningham Way & Cunningham Drive SW,53.407268,-113.529124,0.5621182843788837
1922,50 Street & Yellowhead Trail,53.581083,-113.418524,2.1104132840850647
6645,156 Street & 131 Avenue,53.590548,-113.589624,3.1291151470157113
A0889,Akins Dr & Boudreau Rd,53.635523,-113.583864,4.963496670424739
5585,160 Street & 95 Avenue,53.531618,-113.597778,1.0544133901324462
6443,100 Street & 164 Avenue,53.626645,-113.497754,1.74208475147654
1164,88 Street & 112 Avenue,53.561174,-113.477394,0.8899513804459034
S9017,Nottingham Blvd & Norwich Cr,53.519038,-113.281105,9.056875562788205
ODT-88041,215 Street & Kinglet Boulevard,53.580545,-113.689393,6.5158658494366675
1674,109 Street & 113 Avenue,53.56295,-113.508254,1.4562977373253243
5842,163 Street & 118 Avenue,53.570298,-113.601198,3.219489143605574
1058,38 Street & 108 Avenue,53.561168,-113.400064,1.3261758496894098
4541,108 Street & 36A Avenue,53.471393,-113.50905,0.9583074858756636
8514,178 Street & 114 Avenue,53.562882,-113.627464,4.877695304346681
77431,70 Street & 137 Avenue,53.599818,-113.449681,0.47806748329237975
S5089,Haythorne Rd & Haythorne Pl,53.527623,-113.327593,6.435681220837078
22665,Gateway Boulevard & 83 Avenue,53.519316,-113.495017,0.16408301742135487
5242,135 Street & 109B Avenue,53.556416,-113.55544,0.8235089966001797
7791,Kirkness Road & 150 Avenue,53.612874,-113.383573,1.76335451845141
8936,170 Street & 107 Avenue,53.553741,-113.615097,3.7703324027808045
6492,119 Street & 134 Avenue,53.59493,-113.527484,1.1012973998504323
7729,28 Street & Clareview Road,53.589444,-113.385022,1.723734509812917
S1072,Georgian Wy & Garnet Av,53.536423,-113.28664,7.923921276683707
8113,200 Street & Hemingway Road,53.487898,-113.665364,3.1495494303675953
9272,141 Street & Chappelle Drive SW,53.404433,-113.56527,1.8732280659976226
Q3621,Coliseum Station,53.570863,-113.458046,0.8615423948733777
7079,73A Street & 149A Avenue,53.611304,-113.453905,1.0280995812346558
2250,79 Street & 90 Avenue,53.524998,-113.449196,0.6952420685323603
E255,City Centre Mall Elevator,53.543779,-113.492828,0.21173817767968914
8061,218 Street & Secord Boulevard,53.533717,-113.692315,2.0088525222134925
6313,Eaux Claires Transit Centre Bay M,53.618329,-113.490035,1.7836827693158037
ODT-4273,Henderson Street & Hepburn Avenue,53.468805,-113.598903,1.006065834054681
ODT-33021,Tamarack Boulevard & 26 Avenue,53.458278,-113.364953,0.37126994320373663
28357,106 Street & 53 Avenue,53.489646,-113.504491,1.1310147041406733
77676,Schonsee Drive & Crystallina Nera Way,53.636321,-113.462397,3.5078800906400143
2415,17 Street & 70 Avenue,53.506374,-113.369307,5.439699273240987
3408,19 Street & 37 Avenue,53.471848,-113.37161,1.5986960126491374
5611,145 Street & 87 Avenue,53.519419,-113.571023,1.3532141642592792
S1033,Georgian Wy & Greengrove Av,53.534155,-113.280208,8.419431246007798
5630,165 Street & 88 Avenue,53.522735,-113.606887,1.0948539660436005
L0330,5 Street & 27 Avenue,53.360615,-113.528443,5.250999333211252
E91,Telus Plaza LRT Access,53.540873,-113.490437,0.2649988955799449
6120,103 Street & 127 Avenue,53.585076,-113.497332,2.1578272286443605
3980,66 Street & 31 Avenue,53.463326,-113.434882,0.8777827946481154
5047,135 Street & 107 Avenue,53.551327,-113.55543,1.3871374825120613
8855,King Street & McLeod Avenue,53.542696,-113.897445,15.40573607049276
6308,Eaux Claires Transit Centre Bay H,53.618148,-113.489931,1.7873415101335404
22359,17 Street & 66 Avenue,53.502669,-113.36931,5.027384640625383
5503,182 Street & 95 Avenue,53.528982,-113.637232,2.089055001657777
3139,54 Street & Mill Woods Road S,53.445478,-113.423913,1.30918105751444
4118,110 Street & 23 Avenue,53.454052,-113.514002,2.9057347517115373
E95,,53.540931,-113.491251,0.27527652315136336
6494,140 Street & 135 Avenue,53.595434,-113.561382,1.3728117125836372
5715,187 Street & 49 Avenue,53.485695,-113.647403,2.459830618420063
1302,Government Transit Centre Bay B,53.535984,-113.504231,1.259154039303166
1613,St Albert Trail & 114 Avenue,53.563693,-113.545883,0.5288827620979468
1276,46 Street & 114 Avenue,53.566836,-113.412808,1.5693913583594625
66099,153 Street & 128 Avenue,53.584824,-113.584468,2.858929926688574
6558,108 Street & 137 Avenue,53.599621,-113.507452,1.8936804953219193
S6121,Fir St & Cottonwood Av,53.516371,-113.301622,7.9851957935131885
7532,38 Street & 139 Avenue,53.601064,-113.401727,0.02663434501804616
8632,172 Street & 103 Avenue,53.544955,-113.618001,3.0327988313954357
7848,77 Street & 162 Avenue,53.623237,-113.46209,2.454420348311447
7828,25 Street & 135 Avenue,53.596387,-113.379568,1.5683035546675965
3768,50 Street & Jamha Road,53.485504,-113.417944,3.5189831862191308
6770,139 Street & 137 Avenue,53.599594,-113.560385,1.5633097288019409
6084,120 Street & Dunluce Road,53.627794,-113.528698,1.5615564545654739
88708,215 Street & 92 Avenue,53.527956,-113.690291,1.6003041510489369
6873,119 Street & 153 Avenue,53.616341,-113.527221,0.7039022248557241
S4936,Salisbury Wy and Amesbury Wynd,53.5095,-113.3032,7.306535852505102
A0617,Boudreau Rd & Westwood Dr,53.644442,-113.608646,6.87469547384706
S7438,Dawson Dr & Donnely Terr,53.55531,-113.271066,8.122640890252677
6581,117 Street & 129 Avenue,53.587637,-113.523735,1.2748380273816562
5077,135 Street & 111 Avenue,53.558994,-113.553923,0.5299540359049238
1955,90 Street & 112 Avenue,53.561021,-113.478831,0.8359081040034656
5299,156 Street & 95 Avenue,53.531587,-113.591608,0.9340020434486294
3918,Mill Woods Transit Centre Bay R,53.457436,-113.427904,0.48389576043536753
8138,Hilton Drive & 44 Avenue,53.480998,-113.672892,4.009880971107893
7740,84 Street & 167 Avenue,53.628614,-113.470992,3.261806799188698
6587,111 Street & 134 Avenue,53.594993,-113.512561,2.0356637507226925
2968,50 Street & Roper Road,53.496213,-113.418022,4.093008997433331
3461,62 Street & 38 Avenue,53.474492,-113.434222,2.119895207566094
1586,36 Street & 121 Avenue,53.575041,-113.396232,0.5334772897865468
9029,62 Street & 5 Avenue SW,53.427996,-113.436657,3.0586369732192336
4745,McLuhan Road & Rabbit Hill Road,53.437437,-113.567471,3.6114913860850444
2583,56 Street & 109 Avenue,53.557376,-113.423266,2.0159863639931928
7198,82 Street & 132 Avenue,53.592638,-113.467078,1.8525259517777755
5101,Jasper Place Transit Centre Bay A,53.540854,-113.59181,1.964169053546945
ODT-4347,121 Street & 42 Avenue,53.47893,-113.544902,2.7081333626700177
9350,Orchard Gate & Orchard Drive SW,53.407679,-113.473662,4.250082583135226
88155,Granville Drive & Greenough Bay,53.506865,-113.684286,2.1645202764458578
6732,White Oaks Square,53.600546,-113.533715,1.2548743750291034
6497,127 Street & 167 Avenue,53.628045,-113.541484,2.1402730180458853
9077,177A Street & 10 Avenue SW,53.42419,-113.625892,5.66008215923323
4217,Century Park Transit Centre Bay Q,53.458863,-113.515998,2.4269550452294952
S6030,Fir St & Spruce Av,53.517965,-113.309915,7.835580142285259
ODT-5982,Westridge Road W & Wolf Willow Road,53.506392,-113.606394,1.3380011956343965
6782,137A Street & 160 Avenue,53.621214,-113.556904,2.7337350347002096
L0205,Bridgeport Boulevard & Birchglen Crescent,53.27104,-113.568743,15.326089267940802
A0021,Gainsborough Ave & Graham Ave,53.616879,-113.632158,6.62858594980177
3193,Tamarack Road & 37C Avenue,53.474845,-113.365347,1.959019058366906
7905,West Clareview Transit Centre Bay F,53.602524,-113.411736,0.673684969435965
4165,Burton Road & Butchart Drive,53.475391,-113.568424,1.2824354481845313
5985,190 Street & 53 Avenue,53.489868,-113.651307,2.279959453097045
1129,97 Street & 111 Avenue,53.55898,-113.491018,0.8913351716544563
88106,199 Street & Woodbend Wynd,53.465591,-113.66433,4.950246958253515
9568,Windermere Way & Wates Link SW,53.435444,-113.617458,4.296202634393277
5550,156 Street & 107 Avenue,53.55072,-113.590517,2.829257635295308
5931,166A Street & 114 Avenue,53.562612,-113.60659,3.495940759967457
2752,112 Street & 82 Avenue,53.518574,-113.520587,1.5358283946388986
F2002,95A Avenue and 80 Street WB,53.688635,-113.24717,12.780669550688767
9164,Callaghan Drive & Callaghan Close SW,53.413046,-113.522138,1.198629310122991
4043,119 Street & 25 Avenue,53.455901,-113.53469,3.318277610992611
1464,92 Street & Jasper Avenue,53.548309,-113.475642,1.074013787463727
1815,128 Street & 107 Avenue,53.550873,-113.542396,1.6227519083026731
ODT-2963,117 Street & University Avenue,53.517565,-113.532621,2.340403592193216
2316,University Station,53.525145,-113.521555,1.7177522995751284
3510,Parsons Road & 28 Avenue,53.457885,-113.480355,2.875904474471227
1779,118 Street & Victoria Park Road,53.539655,-113.528637,2.617475407990949
5645,173 Street & 69 Avenue,53.504142,-113.622951,0.21131768389829697
S8106,Bethel Wy & Bethel Dr,53.546192,-113.302501,6.485794789415347
5409,165 Street & 88 Avenue,53.52276,-113.608446,1.1980100631494326
3312,32 Street & Silver Berry Road,53.457595,-113.386078,1.0421982754986434
1113,Kingsway RAH Transit Centre Bay J,53.558789,-113.5002,1.229362615647376
4005,Haddow Drive & Hector Road,53.454214,-113.598252,1.8482512189484446
1646,120 Street & Jasper Avenue,53.541033,-113.529662,2.6649934686545467
1243,101 Street & 102  Avenue,53.542281,-113.493893,0.30211573345768195
9148,Edwards Drive & 6 Avenue SW,53.427682,-113.458331,3.4756570829912694
5623,184 Street & 57 Avenue,53.491643,-113.639735,1.6259319539188164
7751,90 Street & 164 Avenue,53.6261,-113.479912,2.6897631498837327
5563,142 Street & 104 Avenue,53.546057,-113.565873,2.124485250937637
A0751,Heritage Dr & Harwood Dr,53.60814,-113.629855,6.115077270607005
2031,91 Street & 88 Avenue,53.523087,-113.467348,0.5308339206929377
3735,97 Street & 42 Avenue,53.478346,-113.479553,1.6361319633308793
S7706,Jim Common Dr & Crimson Dr,53.544791,-113.280181,7.900720592393654
6128,122 Street & 134B Avenue,53.595805,-113.532202,0.8943324420289404
5775,Lessard Road & 57 Avenue,53.49388,-113.628981,1.1175433306880782
L0341,13 Street & 39 Avenue,53.387973,-113.501578,3.2318499949616792
F2011,92 Street and 95 Avenue NB,53.697572,-113.223791,14.617403970729615
2720,109 Street & 70 Avenue,53.506898,-113.511866,1.6923542861106091
S8213,Bethel Transit Terminal,53.542903,-113.30609,6.446523315196529
A0352,Carleton Drive & Centre Street,53.646398,-113.573657,5.086942455583969
9567,Windermere Way & Windermere Boulevard SW,53.436536,-113.617839,4.206490695532524
9391,87A Street & Summerside Drive SW,53.421217,-113.465297,4.32812225676944
4207,Century Park Transit Centre Bay G,53.456718,-113.515459,2.6434511558928016
8129,215 Street & Secord Boulevard,53.533328,-113.689125,1.811974751538433
2979,50 Street & 68 Avenue,53.504444,-113.418423,3.446768409235857
3758,32 Street & 16A Avenue,53.44335,-113.387894,1.9578711307293886
3913,Mill Woods Transit Centre Bay M,53.457063,-113.429496,0.37105482830861336
8882,178 Street & 107 Avenue,53.553188,-113.626715,4.113025169214418
6678,Pegasus Boulevard & Sir Arthur Currie Way,53.604699,-113.503121,1.5194332226386427
S7199,Highland Wy & Heritage Dr,53.537956,-113.261432,9.342198278983355
6573,Dunvegan Road Loop,53.588287,-113.558848,1.1190488142149437
4627,Lincoln Crescent & Leger Way,53.455801,-113.569997,1.6736351638530498
2381,91 Street & 51 Avenue,53.488224,-113.468314,2.5683403934327402
3775,38 Street & 23 Avenue,53.45382,-113.398686,1.9238699742500476
ODT-2458,42 Street & 69 Avenue,53.505979,-113.406437,4.017018829080845
S9462,Wye Rd & Hillshire Blvd,53.512013,-113.276184,8.712851250514566
2058,50 Street & 106B Avenue,53.553059,-113.417914,1.7300138909753875
2281,89 Street & 51 Avenue,53.488021,-113.463685,2.8475145257483403
A0835,Liberton Dr & McKenney Ave,53.643131,-113.628796,8.022338159872954
7398,78 Street & 160 Avenue,53.621199,-113.464143,2.3211126593263054
9683,83 Street & Edwards Drive SW,53.429895,-113.461118,3.352980099088341
6146,127 Street & 137 Avenue,53.599644,-113.544396,1.024859867477679
1742,Coliseum Station,53.570863,-113.458046,0.8615423948733777
A0685,McKenney Ave & Dawson Rd,53.641062,-113.633372,8.221557609920104
6705,Albany Drive & 167 Avenue,53.628633,-113.549756,2.6199104672917377
4424,Bulyea Road & Oeming Road,53.468276,-113.572252,0.7649330340819718
1857,109 Street & 111 Avenue,53.558466,-113.508598,1.6869508074944572
4697,118 Street & 9B Avenue,53.439363,-113.538753,3.5492666647705327
1672,128 Street & 122 Avenue,53.576627,-113.542507,1.545722890189711
34668,50 Street & 40 Avenue,53.476156,-113.41754,2.562042961767959
3126,Hewes Way & 23 Avenue,53.45482,-113.424381,0.6678334800166478
4457,Burton Road & Butterworth Drive,53.476969,-113.565224,1.5579250654130934
8705,178 Street & 118 Avenue,53.570385,-113.627767,4.95165127747007
S6102,Fir St & Cottonwood Av,53.515616,-113.30079,7.948393273690992
A0397,Bellerose Dr & Ironwood Dr,53.648942,-113.619991,7.772274511713494
9109,Saly Place & Savaryn Drive SW,53.413387,-113.462652,5.025081544304644
3295,Woodvale Road E & 38 Avenue,53.470993,-113.421302,1.9362001188556193
99064,Desrochers Drive & Darby Bay SW,53.400303,-113.551419,1.219232803085576
9187,141 Street & Hays Ridge Boulevard SW,53.412439,-113.565557,1.9412956514986948
5275,165 Street & 87A Avenue,53.521664,-113.608922,1.2407111116597045
4649,MacTaggart Drive & May Road,53.442093,-113.556328,3.4483732517627566
7496,88 Street & 132 Avenue,53.592241,-113.476496,2.384820578933782
7762,10 Street & 167 Avenue,53.628575,-113.356265,3.6403360802289
2182,50 Street & 101A Avenue,53.542309,-113.418378,0.9530150998873071
3655,Parsons Road & 23 Avenue,53.453255,-113.47956,3.0112192441460697
2806,67 Street & 72 Avenue,53.508985,-113.430493,2.5063419898341692
22731,99 Street & 54 Avenue,53.490053,-113.486253,1.6703868463056437
4448,Falconer Gate & Riverbend Road,53.468396,-113.594727,0.7277098460174263
6885,127 Street & 140 Avenue,53.602064,-113.543578,1.2878644199679554
1262,100 Street & Jasper Avenue,53.541179,-113.491478,0.257088998461686
2671,99 Street & 60 Avenue,53.495505,-113.486293,2.139887193085894
88703,Secord Boulevard & 94 Avenue,53.530239,-113.706326,2.691449326828341
7719,65 Street & McConachie Boulevard,53.639916,-113.439999,2.3207669541212486
7148,64 Street & 129 Avenue,53.587586,-113.440066,1.8037132198786778
S5132,Main Blvd & Mission Dr,53.537301,-113.312096,6.4531214890652455
A0250,Element Dr & RONA,53.669942,-113.633036,9.780756159242934
5478,142 Street & 98 Avenue,53.53621,-113.565466,2.195917950575994
5829,169 Street & 107 Avenue,53.553091,-113.612068,3.621045430198294
3177,37 Street & 18 Avenue,53.448039,-113.398084,2.1199675879772975
5116,166A Street & 113 Avenue,53.560971,-113.606664,3.5122933369709872
11318,97 Street & 103A Avenue,53.546849,-113.486653,0.42474433112652255
77275,50 Street & Brintnell Boulevard,53.620416,-113.415987,0.8934674707998268
44154,114 Street & 43 Avenue,53.479231,-113.524043,1.3228654803704856
2766,106 Street & 73 Avenue,53.509184,-113.5045,1.2343848479498933
6410,138 Street & 167 Avenue,53.628648,-113.558824,3.139871496646563
7634,Victoria Trail & Hermitage Road,53.579304,-113.380683,1.0734852831526733
4262,Haddow Drive & Riverbend Road,53.458496,-113.591852,1.2254682304421305
6361,97 Street & 144 Avenue,53.606387,-113.492087,1.9292356160978459
2450,48 Street & 107 Avenue,53.553803,-113.416375,1.8556712602279766
3092,66 Street & 23 Avenue,53.453395,-113.43306,0.24438666614631088
4597,Riverbend Road & Rabbit Hill Road,53.472521,-113.593246,0.7791046588331582
5701,176 Street & 95 Avenue,53.529252,-113.62527,2.407823566375093
99105,Watt Drive & 25 Avenue SW,53.410414,-113.439175,5.0217888672127895
7756,Clareview Road & 132A Avenue,53.593337,-113.384976,1.421965258946064
4689,Leger Way & Leger Road,53.45862,-113.57666,1.185863287367142
3342,Millbourne Road E & 41A Avenue,53.479469,-113.445668,2.776888833448342
ODT-88075,Edgemont Way & Elmer Road,53.468771,-113.672448,4.964801882052443
8271,178 Street & 118 Avenue nearside,53.570014,-113.627174,4.906794043895304
2905,67 Street & 76 Avenue,53.512346,-113.428411,2.400136233497011
1470,101 Street & 122 Avenue,53.576674,-113.493216,1.1847763634546409
5918,182 Street & 76 Avenue,53.50934,-113.636373,0.9225755584094635
22351,96 Street & 80 Avenue,53.515778,-113.476623,1.4311822054569643
4482,116 Street & 9B Avenue,53.439373,-113.535042,3.553479865008371
3184,99 Street & 42 Avenue,53.47849,-113.486004,1.208005352814848
5335,142 Street & 106 Avenue,53.548411,-113.5659,1.8848760424077031
A0599,Sunset Blvd & Hebert Rd,53.623509,-113.607815,5.678984626618517
S4204,Ordze Transit Centre,53.513668,-113.330527,6.788008770275628
A0293,Jensen Lakes Blvd & Joyal Way,53.660316,-113.644909,9.82887422123301
A0356,Chevigny Street & Corriveau Avenue,53.642773,-113.571086,4.693916412862074
3821,50 Street & 23 Avenue,53.453001,-113.419865,1.0018415399887939
4199,Riverbend Road & 53 Avenue,53.489538,-113.578041,2.383734596987618
5356,St Albert Trail & Dovercourt Avenue,53.576534,-113.554084,1.4222828631240778
7497,91 Street & 172 Avenue,53.632919,-113.480372,3.068196402797001
55115,149 Street & 111 Avenue,53.557994,-113.578243,1.7380436899511735
3581,55 Street & 38 Avenue,53.471432,-113.422483,1.946853923135427
9835,114 Street & Rutherford Road SW,53.420983,-113.520634,1.8778774490519445
7883,50 Street & 144 Avenue,53.607161,-113.417317,1.218406858871661
5531,135 Street & 118 Avenue,53.570212,-113.554083,0.7187346066272335
3713,Meadows Transit Centre Bay M,53.478752,-113.368419,2.3686357554426594
77130,McConachie Way & 167 Avenue,53.628702,-113.431398,1.3337423034542715
2204,Southgate Transit Centre Bay D,53.485835,-113.516111,1.0642922690514856
A0026,Erin Ridge Dr & Eastgate Way,53.666904,-113.617819,8.787408817634105
5678,170 Street & 69 Avenue,53.504555,-113.614104,0.7990379591238523
2627,109 Street & 72 Avenue,53.50811,-113.512191,1.595871507356352
7052,77 Street & Delwood Road,53.59668,-113.459106,1.1589930109539857
9092,Anderson Place & Anderson Way SW,53.428682,-113.612645,4.818187906373193
8950,199 Street & Fieldstone Estates Driveway,53.500732,-113.664607,2.539419164598696
5896,138 Street & 111 Avenue,53.558747,-113.557652,0.6113281729458787
4092,109 Street & 11 Avenue,53.442731,-113.506116,4.092799132404845
8755,Greystone Drive & Goebel Drive,53.553627,-113.879736,14.474652732260804
7266,85 Street & 132 Avenue,53.592286,-113.47147,2.1052762453600717
6821,130 Street & 167 Avenue,53.6286,-113.546817,2.4573975157993933
A0137,Laydon Dr & Lester Cr,53.638753,-113.647312,8.778296842480177
6601,127 Street & 161 Avenue,53.623388,-113.541377,1.8456126918848395
2887,106 Street & 60A Avenue,53.496522,-113.504331,1.8960685244368272
5249,163 Street & Stony Plain Road,53.541369,-113.603436,2.196503610797399
3363,50 Street & 38 Avenue,53.470327,-113.417051,2.0169357485723203
9807,Watt Drive & 25 Avenue SW,53.410683,-113.438427,4.988984061020677
3455,Woodvale Road E & Hillview Crescent,53.467711,-113.42576,1.4803643973792409
A0258,Riel Dr & Renault Cres,53.615714,-113.648142,7.542748947389425
A0991,Erin Ridge Dr & Bellerose Dr,53.665194,-113.610042,8.274584904751118
5057,154 Street & 114 Avenue,53.563256,-113.587711,2.243366173857234
2986,120 Street & 87 Avenue,53.523021,-113.538884,2.7747012601268977
7153,50 Street & 165 Avenue,53.627039,-113.411652,0.103271345592125
77337,41 Street & Brintnell Boulevard,53.626007,-113.405052,0.4647732468157795
7469,78 Street & 158 Avenue,53.619436,-113.461896,2.0762228411491184
1869,122 Street & 107 Avenue,53.551049,-113.532833,1.985554339107318
6860,Hudson Road & Cumberland Road,53.607074,-113.547956,1.8797270976037055
2853,101 Street & 82 Avenue,53.518167,-113.491784,0.40409162183915703
2072,94 Street & 66 Avenue,53.502853,-113.47148,2.4346623679395987
5429,139 Street & 115 Avenue,53.565529,-113.561294,0.530375419824018
9466,50 Street & 1A Avenue SW,53.431871,-113.418126,2.8372225840803895
2361,75 Street & 84 Avenue,53.520337,-113.442767,1.1565497056947245
9045,Stanton Drive & 12 Avenue SW,53.422459,-113.455129,3.9215417879802925
2218,Southgate Transit Centre Bay R,53.486252,-113.516367,1.1080583285965164
5819,189 Street & 87 Avenue,53.52142,-113.65019,1.1614630549999787
7384,66 Street & 144 Avenue,53.60523,-113.442682,0.2864382240159572
3087,58 Street & 23 Avenue,53.453708,-113.430588,0.31749668397759717
5253,178 Street & 95 Avenue,53.528546,-113.629152,2.5952359419374105
3565,28 Street & 43A Avenue,53.481666,-113.384193,2.841269959324256
E270,Millbourne Woodvale Stop,53.474431,-113.438893,2.134234230517976
QMUT,Muttart Stop,53.536271,-113.479931,1.0032321690902533
2363,79 Street & 84 Avenue,53.519777,-113.44914,0.7955562425333367
S8320,Jim Common Dr & Canyon Dr,53.550518,-113.288124,7.182534543587217
1725,St Albert Trail & 122 Avenue,53.57382,-113.551594,1.130201454854371
4363,Riverbend Road & 48 Avenue,53.486171,-113.577675,2.0194203047548394
4549,108A Street & 21 Avenue,53.45243,-113.506711,3.0161130889571663
4374,108 Street & 41 Avenue,53.478032,-113.51115,0.49385377898508986
L0143,45 Street & 70 Avenue,53.288517,-113.54123,13.241971303796289
4564,106 Street & 29 Avenue,53.460856,-113.501911,2.0786321377407053
4885,Towne Centre Boulevard & 23 Avenue,53.455184,-113.581715,1.476543761311011
1397,90 Street & 115 Avenue,53.565853,-113.480117,0.4760095148108305
9247,MacEwan Road & Melrose Crescent SW,53.429725,-113.536167,2.4774921952126405
3232,Woodvale Road E & 35 Avenue,53.468404,-113.424982,1.5715739200682373
3016,Silver Berry Road & 32 Avenue,53.462015,-113.3867,1.1941734292025836
22739,111 Street & 57 Avenue,53.494505,-113.516306,1.8569056924343492
QMCK,McKernan Belgravia Station,53.513445,-113.526163,2.016825714539747
4237,South Terwillegar Drive E & Rabbit Hill Road,53.436195,-113.572046,3.6672504405677118
2164,96 Street & 78 Avenue,53.513886,-113.476842,1.5027542558853042
66112,97 Street & 137 Avenue,53.599621,-113.493544,2.3563538629539247
3495,37 Street & 30 Avenue,53.459828,-113.397946,1.84864961417775
7252,78 Street & 154 Avenue,53.616457,-113.461556,1.7866339633134813
5597,168 Street & 100 Avenue,53.539206,-113.610576,2.2255603039479683
7127,25 Street & 142 Avenue,53.605518,-113.381874,1.398092640933807
ODT-66195,199 Street & Blackbird Link,53.592953,-113.664161,7.7339012907910645
3442,Millbourne Road E & 38 Avenue,53.47423,-113.446927,2.250662864498276
5592,154 Street & 110 Avenue,53.556011,-113.586777,2.3451219676368913
A0197,Sunset Blvd & Sheridan Dr,53.626073,-113.613242,6.137437759966668
ODT-9492,Blacklock Way & Blackburn Drive SW,53.432144,-113.507377,3.4005906826848467
4576,105 Street & 26 Avenue,53.457318,-113.499321,2.4877178311025294
1055,Abbottsfield Road & 119 Avenue,53.57293,-113.388532,0.19508152483434416
88172,Rosenthal Way & 91 Avenue,53.524605,-113.695804,1.8909229907175364
4519,Tegler Gate & 23 Avenue,53.453936,-113.572896,1.7637509317605993
7320,93 Street & 138 Avenue,53.601015,-113.485102,2.617084425163551
3903,Mill Woods Transit Centre Bay C,53.457383,-113.428833,0.42695735041981075
8928,Glastonbury Boulevard & 69 Avenue,53.502118,-113.668527,2.379888505157247
4299,Burton Road & Burton Close,53.476202,-113.571948,1.1709962068177098
9704,Allard Link & Adamson Drive SW,53.404062,-113.520696,1.1848811440988514
4961,111 Street & 19 Avenue,53.450677,-113.516042,3.302589108624863
77251,62 Street & 167 Avenue,53.628603,-113.436696,1.683171236936136
A0348,Campbell Road & Servus Place,53.645351,-113.577232,5.189978464745935
S7922,Emerald Dr & Ebony Blvd,53.565929,-113.292147,6.549836821291892
5205,Westmount Transit Centre Bay C,53.560984,-113.555641,0.33016163843555163
1377,102 Street & 111 Avenue,53.558774,-113.494751,1.010622054557554
8321,Rosenthal Way & Rosenthal Boulevard,53.517343,-113.696322,2.039531380863505
ODT-88124,Edgemont Drive & Edgemont Boulevard,53.466937,-113.678082,5.359475483288912
2536,49 Street & 76 Avenue,53.512419,-113.416779,3.0830525217806177
5174,149 Street & 76 Avenue,53.508611,-113.57811,1.8194383381915227
1039,95 Street & 108 Avenue,53.55447,-113.484047,1.2783992765543961
8953,175 Street & Stony Plain Road,53.542054,-113.622889,3.005350249147658
3280,50 Street & 38 Avenue,53.469932,-113.41475,2.0735198177863925
A0033,Grandin Rd & Grandora Cres,53.62046,-113.619317,6.086992465732461
L0366,13 Street & 38 Avenue,53.391107,-113.501689,3.0027196489859396
99187,Rabbit Hill Road & 28 Avenue SW,53.411677,-113.603634,4.418094347000772
3240,85 Street & Mill Woods Road,53.473699,-113.459094,2.611817583801457
8955,Westview Crescent E & Westview Boulevard,53.552576,-113.693346,3.667270394449588
6469,140 Street & 132 Avenue,53.593297,-113.561553,1.3074688824474598
77851,McConachie Boulevard & 175 Avenue,53.636309,-113.42641,1.3673026683227998
2336,92 Street & Connors Road,53.529684,-113.467785,0.8854898374889888
2609,Davies Transit Centre Bay I,53.499956,-113.44447,2.801166044798875
1320,95 Street & 118 Avenue,53.570321,-113.486596,0.40984151937980984
1181,97 Street & 110 Avenue,53.557453,-113.491626,1.0657589760946298
1996,Groat Road & 107 Avenue,53.550827,-113.548471,1.4826246197552921
A0317,Arlington Dr & Alderwood Blvd,53.627015,-113.593499,5.238791836032953
1451,76 Street & 112 Avenue,53.561275,-113.457482,1.3232452327098798
6389,Castle Downs Road & 137 Avenue,53.600667,-113.51693,1.6772152988842857
S5101,Strathcona Dr & Parker Dr,53.522835,-113.327574,6.851033288963573
A0403,Sir Winston Churchill Ave & Woodlands Rd,53.643005,-113.597531,6.152614355172937
6446,121 Street & 142 Avenue,53.604157,-113.529946,1.5611107631907806
77343,Londonderry Mall North Entrance,53.603432,-113.44577,0.0005295795072113712
5556,St Albert Trail & 118 Avenue,53.571124,-113.549778,0.8636237388813051
6198,Griesbach Road & 149 Avenue,53.610103,-113.508288,0.8354931482390531
1496,97 Street & 102 Avenue,53.543549,-113.4862,0.22906723696211825
7688,36 Street & 139 Avenue,53.602782,-113.395742,0.4316501936986471
8607,Lewis Farms Transit Centre Bay G,53.523076,-113.666326,0.08228928780859554
5543,159 Street & 77A Avenue,53.509196,-113.595248,1.5942467793980686
9050,Parsons Road & Ellerslie Road SW,53.425164,-113.480592,4.269114598247088
9212,122 Street & 26 Avenue SW,53.411037,-113.538996,0.4070877820593672
3424,Mill Woods Road & 34 Avenue,53.465027,-113.451689,1.5681699973819525
1224,83 Street & 111 Avenue,53.559569,-113.468462,1.469421297526944
6003,Castle Downs Transit Centre Bay C,53.616492,-113.516144,0.09019833165968638
4101,South Terwillegar Drive W & Rabbit Hill Road,53.435341,-113.575356,3.7208633860723297
7611,82 Street & Schonsee Way,53.631262,-113.467226,3.4071279888219665
S7602,Crimson Dr & Carlyle Cr,53.551919,-113.2778,7.7866127174589606
3596,31 Street & 37A Avenue,53.472626,-113.387078,2.0153776243896337
S7902,Emerald Dr & Eton Blvd,53.567014,-113.279356,7.384195751258183
P1002,Spruce Grove Transit Centre,53.56728,-113.877717,14.771720745368604
A0334,Versailles Avenue & Giroux Road,53.638227,-113.672426,10.113494354793238
7181,85 Street & 134 Avenue,53.595347,-113.471056,1.9000816893654584
1072,84 Street & 110 Avenue,53.558324,-113.47078,1.4281820920477133
A0080,Riel Dr & Rayborn Cres,53.619661,-113.646585,7.623182380799863
4136,115 Street & 40 Avenue,53.476042,-113.528369,1.6548353519641432
6950,120 Street & 175 Avenue,53.6379,-113.530011,2.6208274318451616
11338,82 Street & 114 Avenue,53.564026,-113.467404,1.342181709230393
1968,129 Street & 111 Avenue,53.558813,-113.544053,0.85162261114225
5792,178 Street & 100 Avenue,53.537869,-113.626034,2.8704643011354927
3788,32 Street & 15 Avenue,53.442378,-113.387676,2.037715868209546
1528,88 Street & 122 Avenue,53.576765,-113.476658,1.3234479377354544
7934,88 Street & 160 Avenue,53.620852,-113.475205,2.748105510830254
ODT-6649,Castle Drive & 179 Avenue,53.642932,-113.51121,3.0480971759994375
6728,123 Street & Rapperswill Drive,53.632656,-113.536177,2.2844245328102692
5272,182 Street & 89 Avenue,53.524201,-113.637955,1.9514000889513232
6228,126 Street & 153 Avenue,53.617099,-113.538707,1.468634492664424
1197,73 Street & 112 Avenue,53.562325,-113.449483,0.9645609208266158
5041,149 Street & 87 Avenue,53.51927,-113.577054,0.9886154014453599
6619,139 Street & Cumberland Road,53.608423,-113.560079,2.3123989446150754
1158,105 Street & 122 Avenue,53.576666,-113.500334,1.4147606763121017
5837,184 Street & 84 Avenue,53.517291,-113.639967,1.7646110687017682
2840,99 Street & 81 Avenue,53.517188,-113.486362,0.7794244293892582
A0364,Levasseur Road & Graham Avenue,53.614369,-113.631604,6.476437601737275
L0300,Leduc County Centre,53.309932,-113.530541,10.866489893869762
9706,Watchers Way & Wates Link SW,53.432969,-113.620194,4.626067640584315
55070,178 Street & 86 Avenue,53.519422,-113.630466,1.76614531424659
3742,99 Street & 23 Avenue,53.454125,-113.486544,3.054450993016078
7639,Hooke Road & Hermitage Road,53.583215,-113.397174,1.36015477075987
9303,Watt Common & Ellerslie Road SW,53.42335,-113.426002,3.6150900973063242
6638,123A Street & 140 Avenue,53.600668,-113.534812,1.235821027780229
8437,Glastonbury Boulevard & Gibb Wynd,53.495704,-113.668353,2.945737121778714
99010,Duke Crescent & Desrochers Boulevard SW,53.397593,-113.557158,1.7053770152189542
A0111,St Anne Street & Perron St,53.634459,-113.627161,7.443992693031712
33002,Maple Way & Maple Road,53.474919,-113.349694,2.376225454542743
9038,115 Street & Ellerslie Road SW,53.424945,-113.524827,2.1203629995042492
4294,109 Street & 28 Avenue,53.457707,-113.509771,2.4527611490084813
ODT-88347,Lewis Greens Drive & 99 Avenue,53.536999,-113.674014,1.5670218358012913
7379,40 Street & 139 Avenue,53.599751,-113.403875,0.22189376483323006
2131,91 Street & 82 Avenue,53.518148,-113.467971,0.8249004076337413
6376,135 Street & 135 Avenue,53.596013,-113.553609,0.9634976571451194
1546,95 Street & 103 Avenue,53.546737,-113.479779,0.7491906793203733
6081,120 Street & Dunluce Road,53.627691,-113.52775,1.5203958349223903
9413,Parsons Road & 10 Avenue SW,53.423848,-113.479805,4.250875265570275
2208,Southgate Transit Centre Bay H,53.484912,-113.516121,0.9995844298327161
99044,Orchards Way & 25 Avenue SW,53.410298,-113.451804,5.156308365429673
6445,Castle Downs Road & 153 Avenue,53.614082,-113.519936,0.2857354831651704
6256,134 Street & 155 Avenue,53.616738,-113.552368,2.3674602295736897
9276,Chappelle Boulevard & Chapman Road SW,53.406775,-113.573491,2.3902442155343104
22075,104 Street & 63 Avenue,53.499734,-113.496983,2.1951571429748333
A0675,Lexington Dr & Giroux Rd,53.652817,-113.635939,8.905961899338152
9621,56 Street & 3 Avenue SW,53.430138,-113.427569,2.8526260932200787
7049,68 Street & 158 Avenue,53.619358,-113.445789,1.7725280584480252
5167,172 Street & 95 Avenue,53.531525,-113.618256,2.065371703767355
8581,Suder Greens Drive & Webber Greens Drive,53.525648,-113.675238,0.575395877866675
5022,160 Street & 95 Avenue,53.5315,-113.596812,1.014318079046759
7241,59A Street & 156 Avenue,53.618138,-113.43266,1.7864953031563309
1036,54 Street & 121 Avenue,53.574803,-113.424681,1.4288682046837886
2421,79 Street & 90 Avenue,53.525399,-113.44896,0.7221938263772026
9445,Summerside Drive & 12 Avenue SW,53.423188,-113.462861,4.058365606201039
3319,102 Street & 13 Avenue,53.441281,-113.48892,3.951660346000042
5727,Wallbridge Place & Wanyandi Road,53.496745,-113.60903,1.3749940993527714
4333,113 Street & 34 Avenue,53.466685,-113.525676,2.0194238302880865
4537,Riverbend Road & 40 Avenue,53.477751,-113.581166,1.0556118129532042
8222,178 Street & 111 Avenue,53.559271,-113.627531,4.706715044960602
A0897,Fairview Blvd & Fairfax Cres,53.633508,-113.607274,6.314962957651915
ODT-66468,144 Street & 157 Avenue,53.616976,-113.571728,3.528511652431262
7796,50 Street & Matheson Way,53.611617,-113.41803,1.573701034719258
S6053,Fir St & Cottonwood Av,53.515671,-113.313215,7.5043682806640435
2687,Davies Station,53.500161,-113.44432,2.7833852057107946
4936,156 Street & 9 Avenue,53.439421,-113.589964,3.25072287622232
5972,172 Street & 69 Avenue,53.504236,-113.619624,0.43111313982090477
9118,88 Street & Savaryn Drive SW,53.413296,-113.46719,4.724675232542409
5063,156 Street & 79A Avenue,53.513051,-113.590238,1.1324764678069337
5748,182 Street & 84 Avenue,53.51708,-113.63735,1.6594674020627964
4107,Hayward Crescent W & Hodgson Boulevard,53.45877,-113.565222,1.6323794977697967
77613,55 Street & 167 Avenue,53.628577,-113.417596,0.4238948034235716
S1018,Georgian Wy & GARC,53.529485,-113.281947,8.592331420969122
1021,Rossdale Road & 96 Avenue,53.531905,-113.497659,1.3659826366469838
3796,44 Street & 38A Avenue,53.471948,-113.404535,2.7023214846802652
1104,Kingsway RAH Transit Centre Bay I,53.558774,-113.501397,1.287425185494405
ODT-9128,Blackburn Drive W & Blackett Wynd W SW,53.431972,-113.507514,3.3797669829980452
2483,79 Street & 95 Avenue,53.532989,-113.448492,1.2787260258299573
S7122,Highland Dr & Highland Wy,53.532325,-113.256364,9.911650081791892
5767,188 Street & 70 Avenue,53.503436,-113.648553,1.4920099453098914
E40,111 Street,53.457699,-113.516885,2.5686523344806735
3257,47 Street & 26 Avenue,53.457406,-113.414707,1.3249050139857423
3516,102 Street & 17 Avenue,53.444627,-113.491711,3.966251652089638
7580,60 Street & 156 Avenue,53.617305,-113.436012,1.6738709279311437
A0245,Burnham Ave & Bernard Dr,53.638347,-113.616144,7.048270852362442
4210,Century Park Transit Centre Bay J,53.456854,-113.51563,2.632219577900875
6139,97 Street & 176 Avenue,53.638539,-113.492921,2.9837039692781757
4875,Singer Gate & Rabbit Hill Road,53.437118,-113.568786,3.6203926133777977
5094,176 Street & 95 Avenue,53.529141,-113.626453,2.47996408427086
9355,127 Street & 15 Avenue SW,53.419631,-113.540871,1.370041923111873
7098,23 Street & 142 Avenue,53.605638,-113.378441,1.6179014915771268
5522,163 Street & 92 Avenue,53.52705,-113.602662,0.9178725659113471
88151,Granville Link & Getty Heath,53.499667,-113.682683,2.83973579179125
1835,116 Street & 105 Avenue,53.547649,-113.521155,2.1377737293803363
77648,71 Street & Schonsee Drive,53.632513,-113.452435,2.76986038171168
6365,119 Street & 137 Avenue,53.599629,-113.527357,1.420167944025066
QCHUU,Churchill Station Underground,53.54442,-113.489045,0.11227398646287931
88706,Secord Drive & 92 Avenue,53.526629,-113.697517,2.0306851546369553
5534,146 Street & 107 Avenue,53.550992,-113.573023,1.9052291618134862
1359,50 Street & 118 Avenue,53.570284,-113.417996,1.7926038661632113
1137,Fort Road & 122 Avenue,53.57641,-113.459577,1.1606466526831325
A0006,Oakridge Dr S & Otter Cr,53.655548,-113.606728,7.426292237845821
1077,121 Street & Jasper Avenue,53.540843,-113.530165,2.70039105371826
2294,93 Street & 82 Avenue,53.518141,-113.470644,0.956549437216056
1481,124 Street & 111 Avenue,53.5585,-113.53602,1.3191911619487198
ODT-4574,Henderson Street & Hepburn Avenue,53.467901,-113.598715,0.9940689065056821
A0004,Oakridge Dr S & Orchard Ct,53.654837,-113.60881,7.491051034168768
7852,36 Street & 144 Avenue,53.606327,-113.395841,0.6832077863030374
A0382,Sir Winston Churchill Avenue & Hawthorne Crescent,53.607669,-113.63909,6.681899010879354
1281,69 Street & 112 Avenue,53.563471,-113.444102,0.793698868942703
ODT-2554,81 Street & 101 Avenue,53.541177,-113.451996,1.3145868294525516
1295,97 Street & 108 Avenue,53.554002,-113.49021,1.1712611213608708
9611,Kostash Drive & Hiller Road SW,53.421046,-113.628319,6.044100424706303
A0743,Heritage Dr & Hayden Pl,53.609141,-113.622261,5.680842851825977
5687,163 Street & 91 Avenue,53.525409,-113.602879,0.8625680664931982
7901,West Clareview Transit Centre Bay J,53.602453,-113.411562,0.6608307825332331
4942,Mullen Way & Rabbit Hill Road,53.436306,-113.570822,3.6733638184380344
4159,Terwillegar Drive & Rabbit Hill Road,53.467909,-113.583069,0.07124874324640393
ODT-9831,Blackmud Creek Crescent & Bowen Wynd SW,53.419361,-113.512272,2.139604299690763
E184,,53.587895,-113.433639,1.9068807184836771
77605,57 Street & McConachie Drive,53.631432,-113.421985,0.8078971419892627
66167,Rapperswill Drive & 175 Avenue,53.636649,-113.533984,2.5953062016079596
1565,95 Street & 102A Avenue,53.546038,-113.480432,0.675346208899059
77434,Ebbers Boulevard & Ebbers Way,53.609221,-113.403227,0.8866343302425758
7420,64 Street & 158 Avenue,53.618924,-113.44042,1.7603143432906156
QKRA,Kingsway RAH Station,53.557963,-113.501392,1.3503110270472976
77673,47 Street & Cy Becker Boulevard,53.63382,-113.410463,0.6566555230778943
1712,108 Street & 107 Avenue,53.551489,-113.507028,1.4551040757111156
7353,87 Street & 144 Avenue,53.606378,-113.473074,1.8363711099487332
5340,136 Street & 102 Avenue,53.543114,-113.556864,2.305916190114156
6771,153 Street & 128 Avenue,53.584959,-113.585432,2.9179904232554876
6555,121 Street & 129 Avenue,53.587642,-113.531089,0.8125234004055982
S9206,Regency Dr & Ridgemont Wy,53.515478,-113.258256,9.850812647685501
3651,66 Street & 19 Avenue,53.449368,-113.435638,0.6814515025635863
F5001,Town Crest Road and Southfort Boulevard SB,53.680841,-113.241602,12.669823577652815
88112,199 Street & 27 Avenue,53.459577,-113.664369,5.442279765024162
L0345,39 Avenue & Spine Road,53.391759,-113.496702,3.2327094391309883
9135,Ellwood Road & Ellwood Drive SW,53.429432,-113.47683,4.042056413824871
1247,95 Street & 103A Avenue,53.548231,-113.480334,0.8139114274135909
ODT-66528,Northern Harrier Lane & Hawks Ridge Boulevard S,53.585981,-113.691289,7.133639277050248
S7872,Lakeland Dr & Aspen Tr,53.556702,-113.28391,7.2585114738755205
6279,133 Street & 137 Avenue,53.599601,-113.551013,1.1619716792819625
2026,86 Street & 51 Avenue,53.48874,-113.454355,3.460557798244479
9173,Rutherford Road E & 17 Avenue SW,53.414682,-113.524659,1.174506254036293
7864,21 Street & 147 Avenue,53.610039,-113.371652,2.218077764816277
S8110,Bethel Dr & Bothwell Dr,53.546368,-113.299738,6.642645024504576
6831,138 Street & 165 Avenue,53.627189,-113.559335,3.0997794535357124
2917,Gateway Boulevard & 51 Avenue,53.488056,-113.488272,1.4201643219892701
99050,Cherry Crescent & Orchards Boulevard SW,53.407897,-113.458311,5.2711074133473925
5081,139 Street & 122 Avenue,53.573094,-113.561299,1.1501571040704286
9782,Shaw Way & 22 Avenue SW,53.412341,-113.452829,4.951430301513123
S1054,Galloway Dr & Greystone Cr,53.538902,-113.278367,8.27947982060856
3161,48 Street & 19 Avenue,53.449648,-113.414612,1.463141184390638
9751,Chappelle Way & Chappelle Road SW,53.399608,-113.579047,2.8944598138038877
2314,59 Street & Roper Road,53.495308,-113.425657,3.853838383729191
6094,119 Street & 157 Avenue,53.619114,-113.52693,0.7782510364996722
4656,Lincoln Crescent & Leger Way,53.456012,-113.569115,1.6871204325804736
2952,83 Street & 82 Avenue,53.518798,-113.455287,0.589817010727287
A0385,Westwood Dr & Woodlands Rd,53.646633,-113.604817,6.7718266789345245
7446,64 Street & 160 Avenue,53.62217,-113.4375,1.8499198245102944
4430,Riverbend Road & 45 Avenue,53.483407,-113.579096,1.6994155433637748
8049,184 Street & 105 Avenue,53.548234,-113.640012,3.2970454735293586
5230,169 Street & 83 Avenue,53.51694,-113.612653,1.633413514149639
8363,204 Street & Hemingway Road,53.487725,-113.672097,3.5380812986953343
4194,116 Street & 43 Avenue,53.480221,-113.532584,1.8913560352840286
ODT-4031,143 Street & 56 Avenue,53.49332,-113.566615,2.9987828101414484
6673,St Albert Trail & 137 Avenue,53.597785,-113.573234,2.1979822775216165
3542,Mill Woods Road E & 26 Avenue,53.457364,-113.408741,1.716448077199094
F5008,Southfort Drive and Greenfield Way EB,53.688684,-113.224603,14.071906737552206
ODT-2407,60 Street & 82 Avenue,53.518091,-113.427218,2.21631974250398
2773,111 Street & 57 Avenue,53.493681,-113.517067,1.7983874825551558
2567,74 Street & 101 Avenue,53.541276,-113.441855,0.6504778824124653
7069,90 Street & 130 Avenue,53.58908,-113.479128,2.552138727880573
1639,110 Street & 104 Avenue,53.546129,-113.5095,1.3469127483145136
4770,Haddow Drive & Hunters Green,53.456183,-113.596674,1.6067591299617916
E75,Health Sciences North Access,53.520753,-113.525887,1.8897161489986223
4349,Mullen Place & Mullen Road,53.433865,-113.57035,3.656868345101507
A0781,Larose Dr & Lawrence Cr,53.644754,-113.640795,8.826118039686845
A0825,Langholm Dr & Lincoln Cres,53.646295,-113.632396,8.379510726759275
S8206,Bethel Transit Terminal,53.542769,-113.305795,6.470905405700693
7262,Alberta Hospital,53.63688,-113.370699,2.862922199207025
5386,142 Street & 107 Avenue,53.551163,-113.567874,1.6811200362162304
4397,Riverbend Road & Reeves Gate,53.474749,-113.589876,0.8152734621478611
2798,Low Level Bridge & James MacDonald Bridge,53.535821,-113.484263,0.8945970388260219
ODT-6719,123 Street & 167 Avenue,53.628924,-113.535538,1.928541072208699
3388,97 Street & 31 Avenue,53.463309,-113.479773,2.4198904413123485
2189,80 Street & Wagner Road,53.499344,-113.449594,2.7661360177117396
8088,Hilton Crescent & 44 Avenue,53.48166,-113.674547,4.050389547210719
ODT-9314,Hays Ridge Boulevard & Huckell Place SW,53.416438,-113.571111,2.4431011261149775
1336,101 Street & Jasper Avenue,53.540931,-113.492287,0.3089879197281528
E292,102 St Stop West Entrance,53.543109,-113.495288,0.3745606969921653
9841,119 Street & Ellerslie Road SW,53.424113,-113.528796,1.9408853811540336
6420,118 Street & 152 Avenue,53.612588,-113.525013,0.6559551626070702
1488,113 Street & 111 Avenue,53.558768,-113.515388,2.065294311469642
S4913,Wye Rd & Ash St,53.511951,-113.313322,7.146583604580029
7617,90A Street & 137 Avenue,53.599624,-113.481414,2.3968858867257947
3289,58 Street & Youville Drive W,53.464037,-113.428267,1.0389032098687565
E155,,53.547702,-113.498121,0.7308164732446014
L0181,50 Street & 52 Avenue,53.266141,-113.552601,15.761823958339555
99250,119A Street & 34 Avenue SW,53.403484,-113.546279,0.7303021399162949
2276,Dawson Bridge & Rowland Road,53.549381,-113.464667,1.7827924597316906
3477,42 Street & 36 Avenue,53.467487,-113.405881,2.319307037994102
5671,174 Street & 76 Avenue,53.509192,-113.623015,0.6366147207507656
4278,Tomlinson Way & Towne Centre Boulevard,53.453235,-113.582878,1.6881794421758343
99077,Heritage Valley Trail & Desrochers Boulevard SW,53.40089,-113.56037,1.68450923670889
A0059,Grenfell Ave & Glenhaven Cres,53.62302,-113.631843,6.94001203252668
4231,Riverbend Road & 43 Avenue,53.479735,-113.580843,1.2770407838179936
77182,McConachie Boulevard & 175 Avenue,53.636866,-113.426109,1.396198105539636
ODT-2234,81 Street & 76 Avenue,53.512324,-113.452629,1.3223424170726572
22241,117 Street & 51 Avenue,53.488393,-113.535472,2.305155068498566
A0877,Parkwood Dr & Palladium Pt,53.638659,-113.591203,5.554206598709893
8207,Jennifer Heil Way & Grove Drive,53.558417,-113.934809,18.15205157602099
2051,96 Street & 71 Avenue,53.507792,-113.476353,1.9102963294998188
ODT-99194,39 Street & Charlesworth Drive SW,53.42697,-113.401419,3.852314300880762
A0703,St Albert Trail & McKenney Ave,53.645556,-113.627005,8.020547838468119
4488,Bulyea Road & Burley Road N,53.471758,-113.571723,0.8831895951644745
1446,32 Street & 110 Avenue,53.563534,-113.389315,0.9068256919735687
3865,99 Street & Parsons Road,53.442761,-113.482775,3.511541130948413
4581,300 Bulyea Road,53.472818,-113.572,0.923671283449012
4150,Riverbend Road & Falconer Road,53.465256,-113.593382,0.7277082842917982
2953,113 Street & 71 Avenue,53.507436,-113.524094,2.2150853274276674
7023,87 Street & 149A Avenue,53.610851,-113.472453,1.9491975913434243
F3011,100 Avenue and 102 Street EB,53.712148,-113.213762,16.07046326526905
99141,119A Street & 32 Avenue,53.405152,-113.543367,0.4645580201865616
4636,Rec Centre West Entrance & Leger Road,53.459825,-113.583175,0.9545243337662933
5472,139 Street & 115A Avenue,53.565929,-113.561477,0.5594079478693006
1799,127 Street & 118 Avenue,53.570348,-113.542794,1.0374529364335203
77270,50 Street & 159 Avenue,53.619852,-113.416811,0.971749173107537
5123,163 Street & 99 Avenue,53.537278,-113.602809,1.767218940411108
3169,41 Street & 12 Avenue,53.440231,-113.404333,2.617674739073943
ODT-5878,Summit Village,53.540411,-113.577122,2.105551846506818
8745,206 Street & Hemingway Road,53.487833,-113.675563,3.7327274850078247
A0042,Kingswood Blvd & Kirkwood Dr,53.645692,-113.587937,5.776417576751022
3165,48 Street & 13 Avenue,53.442313,-113.413133,2.031891104638357
9383,91 Street & Ellerslie Road SW,53.424794,-113.472254,4.239240490227674
5698,Ormsby Close & Ormsby Road W,53.501687,-113.649695,1.5844137039618362
8026,Grantham Drive & Guardian Road,53.507788,-113.670622,1.7609633397981252
5296,159 Street & Whitemud Drive,53.511057,-113.596943,1.4221978916679057
7204,Belvedere Transit Centre Bay D,53.587874,-113.43554,1.8595176377563973
4084,112A Street & 37 Avenue,53.471572,-113.521876,1.4715207757506572
7877,34 Street & 132A Avenue,53.592886,-113.39313,1.0975030358157805
ODT-7592,82 Street & 130 Avenue,53.589077,-113.466502,2.1060025447591153
A0038,Oakridge Dr S & Outlook Pl,53.654944,-113.608901,7.502865250655537
L0101,Alexandra Arena,53.262206,-113.552606,16.198917679658077
6711,136 Street & 165 Avenue,53.62673,-113.55684,2.92837552936091
ODT-9234,Blackburn Drive W & Blacklock Way SW,53.431342,-113.500609,3.6181442599426648
9528,James Mowatt Trail & Allard Boulevard SW,53.399622,-113.540702,0.8990286626451648
7662,Manning Drive & Miller Boulevard,53.607025,-113.413626,1.0108237747164996
A0300,Element Dr & Neil Ross Rd,53.671911,-113.634,9.966863158601514
55119,152 Street & 123 Avenue,53.576836,-113.583047,2.420161833873422
1775,101 Street & 107 Avenue,53.551483,-113.494557,0.9473966122496511
4125,112A Street & 37 Avenue,53.471566,-113.522731,1.5177657899390153
8820,204 Street & 48 Avenue,53.485546,-113.673809,3.761710436514989
E211,,53.457688,-113.516366,2.558647833612025
11095,109 Street & 103 Avenue,53.544996,-113.508267,1.2440566214237974
2505,114 Street & 76 Avenue,53.512908,-113.525635,2.0047717918989947
S4376,Baseline Rd & 30 St,53.5413,-113.388399,2.910596958965652
2097,90 Street & 95 Avenue,53.531831,-113.464962,0.9980419497713575
A0220,Versailles Ave & Giroux Rd NB,53.638653,-113.672314,10.132140883363382
1257,103 Street & 122 Avenue,53.576801,-113.497835,1.3319176605023206
2725,104 Street & 76 Avenue,53.512403,-113.498355,0.7870482368168739
6541,Castle Downs Road & 145 Avenue,53.606762,-113.516881,0.9988759755999792
3404,91 Street & 28 Avenue,53.458782,-113.468379,2.28877610714144
5028,165 Street & 93 Avenue,53.529333,-113.607194,1.3047832006099889
22154,50 Street & Roper Road,53.495385,-113.416896,4.211491253167165
1355,38 Street & 111 Avenue,53.564369,-113.399891,1.0198749409280496
2659,99 Street & 82 Avenue,53.518158,-113.48699,0.7106037896553067
7614,64 Street & 164 Avenue,53.625598,-113.440229,1.933014453361176
3908,Mill Woods Transit Centre Bay H,53.457286,-113.430671,0.3204491161346333
4100,Towne Centre Boulevard & Tompkins Way,53.447894,-113.57799,2.3136329509695646
4318,Magrath Boulevard & MacTaggart Drive,53.44375,-113.5571,3.2651484938537276
6461,Dunvegan Road & 131 Avenue,53.590021,-113.559654,1.1458982337290304
7042,91 Street & 177 Avenue,53.638984,-113.479777,3.5554217342948515
5723,172 Street & Callingwood Road,53.496943,-113.621125,0.8278072576450536
4283,115A Street & 15 Avenue,53.447551,-113.535795,3.9415652842654905
A0029,Granite Ave & Grandin Rd,53.618296,-113.619547,5.971661531074898
4468,106 Street & 42 Avenue,53.479125,-113.504058,0.04041481808594114
77342,74 Street & 137 Avenue,53.59955,-113.454857,0.7402130428416909
4530,Towne Centre Boulevard & Trelle Way,53.454321,-113.583029,1.567046682153063
2683,106 Street & 82 Avenue,53.518187,-113.503959,0.45236094512655073
1174,43 Street & 118 Avenue,53.570434,-113.408278,1.1827316686955591
9798,James Mowatt Trail & 28 Avenue SW,53.405663,-113.53614,0.2234392079848995
S2001,Festival Ln & Festival Av,53.526765,-113.298273,7.896661926228125
4812,Leger Transit Centre Bay L,53.455256,-113.579826,1.4854816278733523
9411,Parsons Road & Ellwood Road SW,53.428868,-113.480023,4.2364751091404385
1373,97 Street & 118 Avenue,53.570323,-113.491331,0.49247516241888645
7684,88 Street & 167 Avenue,53.62863,-113.476901,2.9952080053706065
3024,Mill Woods Road & Knottwood Road N,53.44951,-113.449047,1.1771616781106058
2428,96 Street & 81 Avenue,53.516731,-113.476632,1.3705672972804503
4569,South Trail Plaza,53.466227,-113.492881,1.6537178386809324
1938,130 Street & Sherbrooke Avenue,53.578251,-113.546058,1.3866417042122832
A0323,Hebert Rd & Sunset Blvd,53.623482,-113.606784,5.625141017132196
3448,Woodvale Road W & 35A Avenue,53.469338,-113.433741,1.546836006723125
4243,119 Street & Twin Brooks Close,53.448105,-113.539167,3.725079676887158
9269,Chappelle Drive & Chappelle Road SW,53.399835,-113.575064,2.634922909216991
2171,56 Street & 109 Avenue,53.557438,-113.422402,2.0401818792265303
F3022,98 Avenue and 104 Street WB,53.709777,-113.208882,16.183883079538095
9474,Rabbit Hill Road & Glenridding Ravine Road SW,53.420297,-113.59467,4.05595647878017
S8124,Jim Common Dr & Cranford Dr,53.545014,-113.287487,7.444873194535569
3288,66 Street & 38 Avenue,53.474249,-113.438316,2.1090893633758383
3642,99 Street & 21 Avenue,53.451075,-113.486051,3.382121742299062
4591,Oeming Road & Oakes Gate,53.466261,-113.572126,0.8088341749305358
9705,Washburn Drive & Wates Link SW,53.433042,-113.623337,4.7318812830114805
5154,163 Street & 83 Avenue,53.516912,-113.604641,1.1773104377450445
9217,Allard Boulevard & Ashcraft Crescent SW,53.400142,-113.521085,1.3670814123557327
QDAV,Davies Station,53.499621,-113.443907,2.849319010799917
5389,154 Street & 118 Avenue,53.570501,-113.587953,2.380029263767271
1581,97 Street & 105 Avenue,53.549066,-113.488146,0.6295478926588899
L0148,Sparrow Crescent,53.304258,-113.545007,11.498552097832857
1393,96 Street & Jasper Avenue,53.543783,-113.481463,0.5436677921109084
7123,82 Street & 130 Avenue,53.589195,-113.467991,2.16187535427486
3569,Millbourne Road W & 40 Avenue,53.47625,-113.458511,2.816033117929642
2891,104 Street & 82 Avenue,53.518173,-113.498209,0.1507009597517685
7647,Manning Drive & 137 Avenue,53.599624,-113.424895,1.4459699246775555
3347,76 Street & Millbourne Road E,53.48208,-113.452378,3.196264190528789
4018,156 Street & 9 Avenue,53.438717,-113.590165,3.3301363480458233
77321,Brintnell Boulevard & 161 Avenue,53.624074,-113.402792,0.7074191062570607
99143,119A Street & 32 Avenue SW,53.405611,-113.542547,0.3909847509365021
8342,Rosenthal Way & 86 Avenue,53.521098,-113.696199,1.9315567085451806
E218,Citadel,53.54328,-113.488409,0.0798243957471461
8077,Lewis Greens Drive & 93A Avenue,53.529236,-113.676689,0.8900713217807558
8985,Hemingway Road & 57 Avenue,53.492038,-113.682372,3.639524595506541
4878,Hodgson Way & 23 Avenue,53.454222,-113.562421,2.1209295123220757
9039,Easton Road & Edwards Drive SW,53.42986,-113.467887,3.6145901435946444
7380,Ozerna Road & 158 Avenue,53.619451,-113.448663,1.793074331895223
8935,170 Street & 111 Avenue nearside,53.559349,-113.615071,4.085277852910923
3499,76 Street & 38 Avenue,53.472887,-113.452112,2.270544015790845
7248,50 Street & 129 Avenue,53.587555,-113.419296,1.9203262241963486
6630,156 Street & 137 Avenue,53.599503,-113.591577,3.408202324753162
A0909,Boudreau Rd & Summit Centre,53.653958,-113.62717,8.459305785084526
43334,Terwillegar Drive & Haddow Drive,53.450896,-113.590541,1.9987339755092424
8038,199 Street & 53 Avenue,53.490414,-113.664665,2.9611797530344113
S7315,Clarkdale Dr & Crocus Cr,53.552033,-113.251863,9.44499409601929
5178,139 Street & 115 Avenue,53.565162,-113.560714,0.480087698532347
4527,Saddleback Road & 25 Avenue,53.456904,-113.527342,2.9486083695169842
6225,Castle Downs Road & 162 Avenue,53.62252,-113.519068,0.7720860194608555
S7700,Carson Dr & Christina Wy,53.545406,-113.267032,8.690246133871703
6317,Eaux Claires Transit Centre Bay Q,53.61786,-113.489753,1.794490066708681
7973,45 Street & 155 Avenue,53.616625,-113.408374,1.2739213712419561
1564,64 Street & 118 Avenue,53.570447,-113.439578,0.3628160589117451
7624,50 Street & 134 Avenue,53.595146,-113.413774,1.0493478125023725
ODT-5529,149 Street & 91 Avenue,53.524632,-113.57808,0.8319149870747962
7464,53 Street & 129 Avenue,53.587551,-113.422528,2.057058284437249
L0362,36 Avenue & 11 Street,53.383909,-113.506767,3.3286850340763463
2225,50 Street & 103 Avenue,53.544647,-113.418031,1.071615616329402
1538,93 Street & 118 Avenue,53.570318,-113.483745,0.4667373857592667
9252,6110 Currents Drive E,53.437445,-113.60164,3.6433459797201677
1050,101 Street & 105 Avenue,53.547396,-113.493829,0.515324332426212
2369,50 Street & 98 Avenue,53.537948,-113.418331,0.9528325676924192
5813,178 Street & 59 Avenue,53.494514,-113.629203,1.0509226191301853
7385,66 Street & 134 Avenue,53.595747,-113.44277,0.8781979078743469
5446,Meadowlark Road & 87 Avenue,53.519555,-113.595029,0.5110704074748882
77870,61 Street & McConachie Boulevard,53.640036,-113.429798,1.8201951352260084
2344,96 Street & 76 Avenue,53.511951,-113.476626,1.61590532215474
2605,Davies Transit Centre Bay E,53.500049,-113.444043,2.801643285641996
9698,Rutherford Road & 15 Avenue SW,53.416979,-113.523227,1.4237803407911678
7159,55 Street & McLeod Road,53.611711,-113.42624,1.5879253483547167
1193,97 Street & 107 Avenue,53.552349,-113.489516,0.9868011157402158
2227,50 Street & 93 Avenue,53.530797,-113.418445,1.3797540684568348
1324,95 Street & 112 Avenue,53.5608,-113.487271,0.6516413234171458
9255,6142 Currents Drive W,53.437846,-113.603952,3.6546932444831333
5245,152 Street & 76 Avenue,53.508609,-113.582453,1.7100756836994822
A0169,St Albert Trail & Madison Ave,53.638529,-113.624707,7.586893891357034
1169,95 Street & 108A Avenue,53.555948,-113.484636,1.2034315008570668
2827,99 Street & 68 Avenue,53.505145,-113.486051,1.7639420384155906
6837,127 Street & Rapperswill Drive,53.631892,-113.541628,2.4430407780489
ODT-68520,215 Street & Trumpeter Way,53.588422,-113.688437,7.3605456508400815
4491,111 Street & 29A Avenue,53.461976,-113.516056,2.1037491861829247
1043,97 Street & Yellowhead Trail,53.58116,-113.491952,1.6451301860958518
88127,199 Street & 21 Avenue,53.451455,-113.664553,5.687360639180083
7442,68 Street & 158 Avenue,53.619411,-113.446815,1.7797505765686985
S9238,Foxhaven Dr & Foxhaven Cr,53.528475,-113.255432,10.162915421920136
33112,71 Street & 34 Avenue,53.46498,-113.441775,1.1693980374716522
A0791,Giroux Rd & Lockhart Dr,53.648011,-113.653149,9.719119022968805
7426,95 Street & 174 Avenue,53.63608,-113.488068,2.9493914430498136
S7029,Glencoe Blvd & Courtenay By,53.533928,-113.269923,9.02953667578096
3607,Grey Nuns Stop,53.462448,-113.434515,0.779483322932227
3099,Parsons Road & 31 Avenue,53.463097,-113.48592,2.18815847368026
1068,32 Street & Abbottsfield Road,53.575037,-113.390417,0.37716526152532776
A0090,Riel Dr & Rayborn Cres,53.620196,-113.646295,7.631361516347029
3417,31A Street & 34 Avenue,53.465471,-113.384249,1.2783023684725812
7597,92 Street & 135 Avenue,53.596651,-113.482896,2.570597876304246
2219,59 Street & Roper Road,53.495211,-113.424717,3.8990843890268376
6275,121 Street & 150 Avenue,53.611734,-113.531493,1.0795821041631344
A0753,Harwood Dr & Heritage Dr,53.608227,-113.63064,6.167405783855158
9061,Parsons Road & Ellwood Drive SW,53.429309,-113.479071,4.156917687784726
S8115,Jim Common Dr & Charlton Wy,53.548343,-113.288928,7.215819198623322
5161,181 Street & 98 Avenue,53.533827,-113.633552,2.51955369075461
5998,182 Street & 89 Avenue,53.523565,-113.63772,1.9654130620625085
A0408,Gate Ave & St Albert Trail,53.623189,-113.614241,5.988060648776217
6453,109 Street & Castle Downs Road,53.628073,-113.509303,1.4562752811678703
3367,44 Street & 43 Avenue,53.479191,-113.409551,3.115031962109022
7338,66 Street & 129 Avenue,53.587914,-113.442837,1.738056122353679
A0322,St Albert Trail & Superstore South,53.620342,-113.60676,5.402554209483035
6598,99 Street & 176 Avenue,53.638588,-113.495597,2.899317540831547
3078,62 Street & 12 Avenue,53.441199,-113.432705,1.5893702862589305
5267,165 Street & 88 Avenue,53.52334,-113.608602,1.2072923310964092
5757,172 Street & 67 Avenue,53.503225,-113.619422,0.44555309244567765
L0320,5 Street & 12 Avenue,53.31299,-113.532785,10.520901612507831
9851,Orchards Gate & Orchards Drive SW,53.408075,-113.474146,4.218337503362536
1532,106 Street & 118 Avenue Loop,53.570774,-113.503326,1.1641672377093506
8541,Grove Seniors Village & Grove Drive,53.559409,-113.924041,17.48014246626185
E277,Avonmore Stop North Entrance,53.510538,-113.455089,1.4708448313308482
9331,Casselman Link & Cunningham Way SW,53.405371,-113.529133,0.608157276977977
66454,156 Street & 145 Avenue,53.605453,-113.590524,3.5956081813317367
3834,87 Street & Mill Woods Road,53.474214,-113.462488,2.801518490934486
5548,142 Street & 109 Avenue,53.553188,-113.565938,1.4224741186499645
ODT-7239,75 Street & 130 Avenue,53.589093,-113.455927,1.7315881695993331
5467,156 Street & 116 Avenue,53.56614,-113.590538,2.4443606257124677
9201,Allan Drive & Andrews Way SW,53.428254,-113.591391,4.2603923926523946
2244,86 Street & 66 Avenue,53.502009,-113.461473,2.3963953628368526
1228,50 Street & 112 Avenue,53.567333,-113.419577,1.7258789557080714
4106,111 Street & 9 Avenue,53.439804,-113.518103,3.8231437744724457
2941,115 Street & 51 Avenue,53.488177,-113.528005,1.8572005446197404
9325,Glenridding Gate & Ellerslie Road SW,53.424828,-113.596175,4.348798061755073
4073,Terwillegar Drive & Rabbit Hill Road,53.468046,-113.580269,0.23563226351900585
7255,59 Street & 149 Avenue,53.611395,-113.432354,1.254984195253262
A0715,Dunbar St & Giroux Rd,53.654006,-113.632092,8.744853419056195
33022,60 Street & Woodvale Road West,53.467341,-113.429525,1.3626965731732765
1221,97 Street & 111 Avenue,53.55864,-113.492046,0.9486277175842663
S5044,Village Dr & Village Mews,53.517664,-113.322288,7.418055725207623
6392,134 Street & Cumberland Road,53.607552,-113.550415,1.969576201728119
1032,102 Street & 111 Avenue,53.559003,-113.498367,1.1292860008400676
2704,South Campus Fort Edmonton Transit Centre Bay D,53.503047,-113.528954,2.773971798178153
3494,66 Street & 43 Avenue,53.481096,-113.443027,2.91204605883107
1552,80 Street & 112 Avenue,53.561318,-113.46501,1.5841381073820382
A0575,Poirier Ave & Kirkwood Dr,53.642888,-113.591001,5.773938262830273
6077,112 Street & Castle Downs Road,53.625963,-113.513989,1.1516580613881924
A0337,Page Drive & Princeton Crescent,53.637747,-113.58367,5.066830104874162
2847,106 Street & 69 Avenue,53.505996,-113.504362,1.5660091983694358
22094,71 Street & 68 Avenue,53.505102,-113.436983,2.530057683280008
ODT-6204,184 Street &  124 Avenue,53.579156,-113.639443,5.922806047666291
A0733,Levasseur Road & Grosvenor Boulevard,53.614189,-113.622887,5.945900657470591
4171,105 Street & 29 Avenue,53.459961,-113.500585,2.18570685044806
2262,79 Street & 105 Avenue,53.548169,-113.449184,1.4393727658035973
A0899,St Albert Trail & Inglewood Dr,53.648475,-113.62751,8.190026150042463
8407,178 Street & 118 Avenue,53.570495,-113.628422,4.996384454817399
3614,18 Street & Silver Berry Road,53.463511,-113.370254,0.6688312883812567
8924,217 Street & Rosenthal Link,53.522659,-113.689711,1.485665300313652
1337,36 Street & 118 Avenue,53.570443,-113.397355,0.47088343630412727
E123,,53.540923,-113.506097,1.1222822505923722
7976,84 Street & 160A Avenue,53.621989,-113.470384,2.6301491933148333
66159,Castle Downs Road & Juchli Avenue,53.601954,-113.516055,1.534337886881117
8785,Century Road & McLeod Avenue,53.544604,-113.884266,14.573241896493345
9422,James Mowatt Trail & 32 Avenue SW,53.403173,-113.539952,0.5048635474916361
9713,172 Street & Washburn Drive SW,53.428573,-113.616784,4.945007575878594
55087,146 Street & McQueen Road,53.555905,-113.571076,1.4367508564213665
2260,75 Street & 83 Avenue,53.518835,-113.442755,1.218691015840857
7089,66 Street & 152B Avenue,53.614806,-113.442597,1.2832897327161612
E264,Davies South Entrance,53.499545,-113.443714,2.8618352457609624
3238,76 Street & 38 Avenue,53.474414,-113.449853,2.348012227925176
ODT-9253,103A Street & 20 Avenue SW,53.414341,-113.49849,2.708541488828584
88129,Richard Rice Boulevard & 18 Avenue,53.448826,-113.667291,5.959996428941316
A0115,Grandin Rd & SWC Ave,53.629836,-113.626473,7.0809012022800175
A0368,Levasseur Road & Sir Winston Churchill Avenue,53.614214,-113.637716,6.8408369755278455
7992,45 Street & 153 Avenue,53.616123,-113.40842,1.3287433587589594
L0304,5 Street & 19 Avenue,53.336815,-113.531178,7.876033891576303
6174,129 Street & 156 Avenue,53.618662,-113.543839,1.829586026851993
1475,76 Street & 112 Avenue,53.56113,-113.456524,1.2977401680020202
8228,Glastonbury Boulevard & Gibb Wynd,53.495314,-113.668859,2.991120255035258
1896,Airport Road W & Kingsway,53.56881,-113.526949,1.8699130873342948
S6065,Fir St & Willow St,53.513757,-113.317888,7.165544304573861
ODT-1125,65 Street & 121 Avenue,53.575159,-113.441735,0.5549299302466875
5926,161 Street & 109 Avenue,53.553933,-113.598877,3.176882535462949
2137,25 Street & 76 Avenue,53.512338,-113.382464,4.519977457064446
ODT-88047,Lewis Greens Drive & 99B Avenue,53.539021,-113.673191,1.771346199132932
6603,139 Street & 160 Avenue,53.621049,-113.560973,2.9931388003613297
9784,78 Street & 22 Avenue SW,53.412761,-113.456472,4.972197061436261
6116,103 Street & 127 Avenue,53.584744,-113.496025,2.0969163468839325
1828,124 Street & 102 Avenue,53.543565,-113.53579,2.5464740228345097
A0801,Hogan Rd & Delwood Pl,53.652003,-113.663294,10.507802939384852
6342,121 Street & 153 Avenue,53.616752,-113.529864,0.8828508303223164
7586,76 Street & 144 Avenue,53.606814,-113.458412,0.9171093292656282
7313,88 Street & 164 Avenue,53.626098,-113.477043,2.8623292002945746
6090,Warwick Road S Ent & Dunluce Road,53.624398,-113.537323,1.674469043492988
5325,174 Street & 98A Avenue,53.534279,-113.622403,2.453028734904449
5852,180 Street & 76 Avenue,53.509365,-113.632856,0.768214636213562
ODT-2995,127 Street & 62 Avenue,53.497779,-113.546636,3.47968494770963
1378,38 Street & 118 Avenue,53.570433,-113.400441,0.6696090253428815
F5011,Southfort Drive and Allard Way SB,53.691975,-113.217778,14.643546785207532
3154,Mill Woods Road E & 20 Avenue,53.451642,-113.409489,1.7068308935233967
ODT-66198,140 Street & 167 Avenue,53.628832,-113.563034,3.3986726059443537
3794,50 Street & 28 Avenue,53.459723,-113.420698,1.0259913107716419
1251,102 Street & MacDonald Drive,53.539625,-113.495312,0.5491647761455031
77427,63 Street & 137 Avenue,53.599469,-113.43841,0.6576168697468541
5490,165 Street & 87A Avenue,53.522025,-113.608712,1.221871850576956
55357,176 Street & 96 Avenue,53.5326,-113.62673,2.6254550912233183
1420,38 Street & 112 Avenue,53.56472,-113.400074,0.99675957566557
11320,103 Street & 103 Avenue,53.544501,-113.496386,0.4592144578235754
7546,55 Street & 145A Avenue,53.609507,-113.424061,1.588578432422085
7668,28 Street & Clareview Road,53.589357,-113.384137,1.7692635286650484
77608,57 Street & McConachie Drive,53.63122,-113.421044,0.7420291603910862
6369,127 Street & 129 Avenue,53.58714,-113.541352,0.3816179140713816
1285,66 Street & 118 Avenue,53.570302,-113.442527,0.1699858496848262
1288,95 Street & 118 Avenue,53.57045,-113.487891,0.4250671771448623
1014,89 Street & 118 Avenue,53.570457,-113.478658,0.70527726047327
1366,101 Street & 111 Avenue,53.558397,-113.49386,1.0202586355832808
7872,82 Street & 137 Avenue,53.599779,-113.46866,1.5684079281733818
7447,61 Street & 149 Avenue,53.611181,-113.436242,1.0687502921910623
4434,1314 Carter Crest Road,53.464846,-113.582022,0.41158576905872996
11399,82 Street & 115 Avenue,53.566108,-113.467206,1.3243920224029
22994,Gateway Boulevard & Tommy Banks Way,53.522309,-113.495501,0.3436425230104978
22156,113 Street & 65 Avenue,53.50184,-113.524254,2.6455217045002937
8731,172 Street & 107 Avenue,53.553182,-113.617232,3.7789294413529286
9184,174 Street & Washburn Drive SW,53.430439,-113.622781,4.955991262644249
4076,Saddleback Road & 25 Avenue,53.456434,-113.526909,2.978612379182937
1154,74 Street & 112 Avenue,53.561982,-113.450625,1.0257455795566315
77060,82 Street & Crystallina Nera Way,53.642354,-113.466199,3.9712901293470733
A0239,Sturgeon Rd & Brandon St,53.636155,-113.622649,7.350614391352873
3050,74 Street & Mill Woods Road S,53.445161,-113.447395,1.4344417364493158
2962,122 Street & 63 Avenue,53.499932,-113.541305,3.3569507516940305
E16,,53.544688,-113.489193,0.13782356738082943
A0001,Grandin Rd & Green Lees Pl,53.62263,-113.619717,6.244097160709859
1441,97 Street & 122 Avenue,53.576546,-113.49138,1.1355850483646006
7954,Victoria Trail & 132A Avenue,53.593342,-113.386836,1.3275295639321323
3734,66 Street & 12 Avenue,53.441325,-113.439698,1.6106834269228352
3264,67 Street & 28 Avenue,53.45846,-113.437055,0.3797364662056622
9130,Watt Promenade & 18 Avenue SW,53.417795,-113.430248,4.199190649017252
A0376,St Albert Trail & Gate Avenue,53.624028,-113.61343,6.003034161344809
3470,48 Street & 31 Avenue,53.461874,-113.416301,1.3978751961337468
99025,Charles Link & Chappelle Road SW,53.399708,-113.568321,2.220683456096661
9634,156 Street & Windermere Boulevard  SW,53.433943,-113.592785,3.880742584938315
Q1859,MacEwan Station,53.547684,-113.49818,0.7325375241526987
4662,119 Street & 10A Avenue,53.440812,-113.540142,3.7136008207874127
6726,136 Street & Hudson Road,53.603635,-113.554722,1.6736622995342496
L0106,Leduc Recreation Centre,53.25554,-113.52701,16.92440850422325
9440,Rabbit Hill Road & Glenridding Boulevard SW,53.419876,-113.595793,4.109995869820071
44153,113 Street & 43 Avenue,53.478785,-113.522251,1.2061205788454445
7833,27 Street & Clareview Road E Ent,53.591261,-113.383279,1.6575735051653402
6414,127 Street & 145 Avenue,53.606402,-113.541442,1.7692482206922953
S9159,Regency Dr & Rainbow Crescent,53.515484,-113.26408,9.562498283510982
7844,50 Street & 131 Avenue,53.591885,-113.416693,1.4404204677127932
6295,112 Street & 129 Avenue,53.587506,-113.514136,1.8993462490513053
6721,110 Street & 176 Avenue,53.639688,-113.511663,2.686059574776453
S7515,Summerland Dr & Sunview Dr,53.558252,-113.258418,8.880288487010356
77669,65 Street & McConachie Boulevard,53.64017,-113.441093,2.396310884063779
1699,124 Street & 114 Avenue,53.563711,-113.536497,1.1507591748965496
1331,86 Street & 112 Avenue,53.561507,-113.47317,1.090519780717909
A0223,SWC Ave & Flagstone Cres,53.639753,-113.603339,6.328638996927374
8838,178 Street & 103 Avenue,53.545181,-113.627553,3.469797705828693
1458,102 Street & 110 Avenue,53.558207,-113.495453,1.0885366805363483
1108,Kingsway RAH Transit Centre Bay H,53.558714,-113.501851,1.3140889297935148
22164,42 Street & 53 Avenue,53.490397,-113.405228,4.330667071372692
ODT-8073,215 Street & 115 Avenue,53.566194,-113.688774,4.960373805551914
6134,170 Street & 129 Avenue,53.589426,-113.614921,4.8058119040128835
7280,90 Street & 132 Avenue,53.592762,-113.479622,2.5359132864024723
ODT-6416,127 Street & 167 Avenue,53.628802,-113.534344,1.8676691619186758
7399,64 Street & 158 Avenue,53.619847,-113.439668,1.8711721808746489
1235,82 Street & 118 Avenue,53.570333,-113.466591,1.4237970389069101
8143,204 Street & Hemingway Road,53.487858,-113.673098,3.588253746644738
8351,186 Street & 114 Avenue,53.563556,-113.644138,4.717315746035417
9620,Windermere Way & Windermere Boulevard SW,53.43899,-113.618111,3.989264152088151
7635,Hyndman Road & Hyndman Crescent,53.577031,-113.376179,1.1243012567129873
99045,Orchards Way & 25 Avenue SW,53.40994,-113.452509,5.205788196096885
5481,Groat Road & 107 Avenue,53.551144,-113.551576,1.4117866847904772
1569,124 Street & 106 Avenue,53.548984,-113.536022,2.025076222355663
7744,Howson Crescent & Hooke Road,53.583553,-113.380404,1.4853440808203602
3009,Lakewood 3009,53.458544,-113.444981,0.7841454743680385
3522,Jarvis Crescent E & Jamha Road,53.485052,-113.41482,3.541901254662515
9724,Casselman Link & Casselman Crescent SW,53.404218,-113.528497,0.7041451430759688
77229,13 Street & Fraser Way,53.614472,-113.362598,2.9784019652564506
S1048,Galloway Dr & Greystone Cr,53.537164,-113.273136,8.676074670045082
7661,Hyndman Road & Hyndman Crescent,53.576838,-113.37929,0.9429219361321464
4198,106 Street & 36A Avenue,53.470922,-113.504339,0.9532517844714244
7134,23 Street & 140 Avenue,53.603472,-113.377842,1.6022522374040549
5226,156 Street & 110 Avenue,53.555579,-113.590539,2.595071138405384
ODT-9232,103A Street & 20 Avenue SW,53.41405,-113.499185,2.6551392383843004
A0389,Willoughby Dr & Woodlands Rd,53.645608,-113.600373,6.460892474099559
A0532,Nakî Transit Station and Park and Ride,53.615291,-113.59251,4.315235407643537
7360,95 Street & 176 Avenue,53.637946,-113.488215,3.105756779338828
3322,84 Street & 36 Avenue,53.468932,-113.45763,2.153574796576083
5425,162 Street & Stony Plain Road,53.541235,-113.60028,2.1087016420312907
2742,109 Street & 87 Avenue,53.522493,-113.511847,1.0111224144919742
2274,79 Street & 106 Avenue,53.549241,-113.448703,1.4934857793447727
1631,109 Street & 113 Avenue,53.562285,-113.50859,1.50001024720509
66100,170 Street & 122 Avenue,53.578101,-113.615004,4.3537213886551545
3124,17 Street & 38 Avenue,53.477229,-113.370081,2.195612713629589
ODT-6713,Albany Way East & Albany Place,53.629913,-113.55568,3.027349473178535
A0811,Deerbourne Dr & Doolan Pl,53.654772,-113.637753,9.11399677323114
L0193,Sparrow Drive & 71 Avenue,53.292177,-113.545727,12.843893553971652
2194,50 Street & 90 Avenue,53.523401,-113.418806,2.0585122255287476
5023,159 Street & 110 Avenue,53.556087,-113.594819,2.8449219023475307
2526,86 Street & Argyll Road,53.499859,-113.457739,2.6338724289275537
A0445,Grange Dr & Grdin Lk Vill,53.620068,-113.613987,5.770018898153268
3676,66 Street & 28 Avenue,53.459844,-113.434109,0.4899495790782424
2020,45 Street & 106 Avenue,53.551082,-113.411956,1.8199205158666236
4802,Leger Transit Centre Bay B,53.455316,-113.579627,1.4813065733211503
E97,,53.540928,-113.497421,0.5765961542474713
A0303,Carnegie Dr & Transit Garage,53.63932,-113.575733,4.7093901752928335
E47,,53.45769,-113.515579,2.542310333412899
2487,73 Street & 94B Avenue,53.53223,-113.439216,0.9872702374993452
5777,181 Street & 98 Avenue,53.533917,-113.63468,2.4579536742192163
2901,57 Street & 76 Avenue,53.512516,-113.423444,2.6787879031638124
3548,30 Street & 43 Avenue,53.480348,-113.388254,2.8058032807799766
1527,60 Street & 118 Avenue,53.570312,-113.432083,0.859568502705561
2777,94A Street & 58 Avenue,53.493854,-113.471304,2.7023714458547095
5690,178 Street & 89 Avenue,53.524031,-113.629767,2.2681786145285527
4222,Osland Drive & Ogilvie Boulevard,53.463385,-113.559508,1.7049464326117056
ODT-2126,71 Street & 86 Avenue,53.521222,-113.43722,1.4911997440373015
4950,Leger Way & Leger Boulevard,53.459694,-113.575937,1.0991570818124003
A0869,Woodlands Rd & Wakefield Blvd,53.648145,-113.603928,6.808776875856276
6364,123A Street & 129 Avenue,53.587529,-113.534594,0.6128024489252573
S4617,Baseline Rd & 17 St,53.5408,-113.368199,3.7390706338778843
5441,153 Street & 107 Avenue,53.550975,-113.584572,2.482831816939431
6158,108 Street & 137 Avenue,53.599394,-113.506179,1.9459714804726325
6550,St Albert Trail & 128 Avenue,53.585976,-113.560939,1.3294489955953046
A0120,North Ridge Dr & Normandeau Cres,53.651313,-113.671734,10.911611818286598
3862,24 Street & Silver Berry Road,53.45714,-113.382232,0.7877102859527372
9775,Casselman Link & Casselman Crescent SW,53.404232,-113.528702,0.6916832024538812
9372,66 Street & Winspear Common SW,53.414455,-113.441948,4.58957179854484
5881,178 Street & Whitemud Drive,53.51048,-113.630324,0.7982003684588236
A0344,Centre Street & Carleton Drive,53.647987,-113.575838,5.312640850389615
22225,82 Street & 98 Avenue,53.537463,-113.452739,1.3888100140323505
8191,170 Street & 118 Avenue,53.56952,-113.615539,4.1363133427385
7677,84 Street & 160 Avenue,53.620684,-113.469614,2.485058496559766
7213,84 Street & 180 Avenue,53.641964,-113.469535,4.157631901083482
4478,108 Street & 37 Avenue,53.472201,-113.509808,0.8943750368603609
2360,61 Street & 94B Avenue,53.533867,-113.425768,0.8134714145061445
1976,104 Street & 107 Avenue,53.551495,-113.500016,1.1247984148956498
5533,156 Street & 109 Avenue,53.553761,-113.590508,2.670930209569597
3229,79 Street & 28 Avenue,53.458766,-113.454221,1.3688329413789968
7003,Northgate Transit Centre Bay C,53.5999,-113.489559,2.5135187796698566
A0063,Grosvenor Blvd & Glenmore Cres,53.627021,-113.626541,6.89545249987745
F1007,95A Ave and Westwood Way EB,53.687594,-113.249753,12.574581045964749
ODT-2555,71 Street & 80 Avenue,53.515838,-113.436922,1.7163693827515965
77636,90 Street & 134 Avenue,53.594735,-113.47988,2.4564468348940216
5286,147 Street & 118 Avenue,53.570472,-113.576191,1.6573893578073333
6548,113 Street & 171 Avenue,53.633665,-113.518923,2.00124870458136
9465,50 Street & Ivor Dent Park Road SW,53.429035,-113.417661,3.1422007692195084
ODT-33009,17 Street & Aster Boulevard,53.450365,-113.3681,0.8087350026037765
1759,St Albert Trail & Sherbrooke Avenue,53.57728,-113.554366,1.5056029323167752
ODT-2478,43A Street & 68 Avenue,53.5052,-113.410153,3.848614869512894
2543,104A Street & 51 Avenue,53.488061,-113.49716,1.0603749873408046
4157,109 Street & 25 Avenue,53.455696,-113.508328,2.66241085156435
2069,83 Street & 71 Avenue,53.506024,-113.454866,1.9683553436341483
S8105,Cranford Way,53.543298,-113.291823,7.263237281269026
2113,Southgate Station,53.485344,-113.516892,1.0694408884228204
4684,Rabbit Hill Road & Cormack Crescent,53.462582,-113.569025,1.1735603111332418
5370,154 Street & 114 Avenue,53.56313,-113.586817,2.1845537139142657
2733,111 Street & 82 Avenue,53.518212,-113.518135,1.3770298576037487
5903,189 Street & 95A Avenue,53.530214,-113.649205,1.4172731434779213
6623,112 Street & 176 Avenue,53.639697,-113.515903,2.6672947817500114
A0018,Erin Ridge Dr & Eastgate Way,53.667192,-113.618598,8.847406862823714
7351,97 Street & 127 Avenue,53.585411,-113.491728,2.1092035719231212
A0048,Kingswood Blvd & Kingsmeade Cres,53.650399,-113.58654,6.022380110156851
2353,75 Street & Wagner Road,53.501529,-113.443478,2.6634498415232493
7063,58 Street & 137 Avenue,53.599389,-113.429873,1.1450415109257863
A0212,North Ridge Dr & Noble Cl,53.655318,-113.670377,11.082922448033893
E67,South Campus Station North Access,53.503548,-113.528448,2.712059303325219
4131,109 Street & 29 Avenue,53.459475,-113.510359,2.2653183622183097
A0275,Cunningham Rd & Forest Dr,53.631673,-113.611209,6.460856985472413
3022,Mill Woods Road & 23 Avenue,53.452644,-113.44806,0.9607621727067636
4190,Oeming Road & Horizon Village,53.467281,-113.57213,0.7827973108312491
3396,Jarvis Crescent E & Jamha Road,53.484943,-113.413973,3.5516957927532
QCOR,Corona Station,53.540977,-113.505358,1.0732128027164352
99054,Desrochers Boulevard & 35 Avenue SW,53.400688,-113.545389,0.9175505350689279
1122,113 Street & 111 Avenue,53.558989,-113.516212,2.1047498030991747
7282,64 Street & 162 Avenue,53.622868,-113.437714,1.837862489250881
A0439,St Albert Trail & Lennox Dr,53.647717,-113.627717,8.165222709014476
5345,147 Street & 87 Avenue,53.519292,-113.574323,1.1526883719468164
ODT-66472,127 Street & 184 Avenue,53.646114,-113.541285,3.753815227266639
5520,137 Street & 102 Avenue,53.542966,-113.557533,2.326542309022248
2214,Southgate Transit Centre Bay N,53.4858,-113.516212,1.066745786236063
A0279,Sunset Blvd & Sheridan Blvd,53.628069,-113.616279,6.4343679870376
1351,100 Street & Rossdale Road,53.538093,-113.490502,0.5717076875205351
7894,76 Street & Ozerna Road,53.626712,-113.459697,2.7498843807473237
22722,88 Street & 58 Avenue,53.493995,-113.463743,3.129196023009804
3592,79 Street & 28 Avenue,53.458631,-113.45313,1.2950091876085679
E61,Williams Engineering LRT Access,53.540828,-113.492942,0.34455842886287846
ODT-1381,120 Street & 102 Avenue,53.542582,-113.528515,2.576873132889676
5198,142 Street & Valleyview Drive,53.527597,-113.565526,1.7198476309422324
2313,97 Street & 71 Avenue,53.507498,-113.47762,1.8726283151231156
1543,36 Street & 118 Avenue,53.570293,-113.396021,0.39309850575518884
2594,71 Street & 101 Avenue,53.541103,-113.436457,0.3013776248962458
3966,30 Street & 14 Avenue,53.440711,-113.386003,2.137372752375735
1521,54 Street & 118 Avenue,53.570702,-113.424501,1.361412221213693
22991,Strathearn Stop,53.531774,-113.463575,0.9615980173574755
1946,113 Street & 107 Avenue,53.551328,-113.515186,1.9032311893317317
4748,South Terwillegar Drive & Simpson Drive,53.436446,-113.582164,3.5572656979269293
2233,77 Street & 101 Avenue,53.541146,-113.445717,0.9005232130835253
A0201,Sunset Blvd & Salisbury Ave,53.631249,-113.615568,6.635132407290378
2123,83 Street & Argyll Road,53.503807,-113.453447,2.2272308842630135
9521,Orchards Link & Orchards Boulevard SW,53.407773,-113.459903,5.165140616297564
6245,129 Street & 158 Avenue,53.620859,-113.543586,1.8725085000571273
2148,44A Street & 76 Avenue,53.512498,-113.410392,3.394052063009554
2834,112 Street & 82 Avenue,53.518,-113.519847,1.4924349297027841
5137,145 Street & 118 Avenue,53.570472,-113.571578,1.3914555852831192
4503,Rabbit Hill Road & MacTaggart Drive,53.438764,-113.566264,3.496715860517071
2401,Bonnie Doon North Entrance,53.522451,-113.456623,0.21692551840422686
S6150,Raven Dr & Heron Rd,53.523292,-113.290939,8.51787942949737
E20,City Hall LRT Access,53.545429,-113.48962,0.21660235330669414
A0665,Boudreau Rd & Ellesmere Dr,53.652542,-113.622398,8.10734281920884
4290,105 Street & 21 Avenue,53.452329,-113.501063,3.0292712562337627
9338,Watt Drive & Weidle Bend SW,53.412487,-113.438316,4.788104902300995
4344,113A Street & 9 Avenue,53.439191,-113.525106,3.62519869700747
S9461,Wye Rd & Estate Dr,53.511985,-113.288522,8.142667089837046
6439,113A Street & 134 Avenue,53.594983,-113.517268,1.7348385916049303
5542,163 Street & 95 Avenue,53.531715,-113.604022,1.3071908839349717
3029,85 Street & Knottwood Road N,53.449844,-113.460572,1.8483104081785329
5462,156 Street & 107 Avenue,53.551529,-113.590242,2.768255215362919
1612,34 Street & 119 Avenue,53.57185,-113.393205,0.1778283925630399
A0052,Kingsway Dr & Kingsbury Cres,53.651656,-113.588348,6.203862962870418
6044,100 Street & 162A Avenue,53.624496,-113.496385,1.6570667827034216
7735,Ozerna Road & 163 Avenue,53.625133,-113.448038,2.4199001936331532
3750,Silver Berry Road & 32 Avenue,53.461939,-113.377725,0.6937485577371953
4058,106 Street & 35 Avenue,53.468651,-113.503965,1.2059395801754462
1428,95 Street & 111 Avenue,53.559532,-113.486844,0.7930357083192121
2679,99 Street & 85 Avenue,53.521308,-113.485982,0.7899923469743683
L0369,8 Street & 34 Avenue,53.37868,-113.516516,3.497894966629586
7575,Victoria Trail & 139 Avenue,53.602621,-113.385298,1.1002137188241319
5871,189 Street & 87 Avenue,53.521088,-113.649011,1.2456113379568392
3748,44 Street & 38 Avenue,53.471477,-113.403085,2.6710422272766245
2867,106 Street & 61 Avenue,53.49739,-113.504521,1.9927982348820026
5782,164A Street & 88 Avenue,53.522511,-113.606554,1.074357442735596
QSGT,Southgate Station,53.485344,-113.516892,1.0694408884228204
5040,151 Street & 107 Avenue,53.551117,-113.582003,2.3357695316299263
S8848,Sherwood Dr & Palisades Av,53.556327,-113.295265,6.539233304770115
6692,Hudson Road & Hudson Place,53.605877,-113.551463,1.812662562842818
2879,106 Street & 56 Avenue,53.493632,-113.504294,1.574414978955343
1849,Tower Road & Kingsway,53.564203,-113.516738,1.9777248513690044
7117,47 Street & Brintnell Boulevard,53.618835,-113.411862,1.0141019553836885
2710,South Campus Fort Edmonton Transit Centre Bay J,53.502772,-113.528776,2.785407452079876
1557,109 Street & 105 Avenue,53.54793,-113.508657,1.3522458808940387
99505,141 Street & Heritage Valley Trail SW,53.401031,-113.561342,1.7363863113697995
F3005,99 Avenue and Sherridon Drive NB,53.706801,-113.218728,15.460191723023591
5919,178 Street & 63 Avenue,53.497078,-113.629761,0.7839959399903792
E135,110 Street & 98 Avenue West,53.535843,-113.5105,1.6092341824482128
55377,Mayfield Common,53.543005,-113.610397,2.569842224087901
77802,50 Street & 153 Avenue,53.615935,-113.420557,1.4704201271045145
33028,24 Street & 18 Avenue,53.448395,-113.375523,1.0694073049978263
QMWO,Millbourne/Woodvale Stop,53.474723,-113.438979,2.1672126097442193
2251,Ottewell Road & 94B Avenue,53.532607,-113.436515,0.8774770781566655
9235,54 Street & 3 Avenue SW,53.428885,-113.424834,3.023241144298044
55848,178 Street & Stony Plain Road,53.540699,-113.62721,3.1208355831958814
5263,135 Street & 109A Avenue,53.555734,-113.556038,0.9043125399363404
5663,184 Street & Lessard Road,53.484992,-113.644139,2.4094315756780027
L0401,Outlet Mall,53.302694,-113.55621,11.72780917086971
8043,Glastonbury Boulevard & 62 Avenue,53.493859,-113.668709,3.0367237933002555
6741,156 Street & 137 Avenue,53.598598,-113.590435,3.307219368721746
3086,61 Street & 19A Avenue,53.45017,-113.431152,0.6249813554988954
6849,138 Street & Cumberland Road,53.608093,-113.556199,2.1600408029085103
6529,105 Street & 134A Avenue,53.595972,-113.501691,2.411786721657798
5108,Jasper Place Transit Centre Bay E,53.540513,-113.591922,1.9266357062190418
33032,Mill Woods Road & 34 Avenue,53.464699,-113.449239,1.4265099311655853
9624,Watt Boulevard & Welsh Drive SW,53.421282,-113.435754,3.8032175453307406
99236,Chappelle Way & Chivers Loop SW,53.397616,-113.595348,3.9966742851920025
ODT-5233,149 Street & 89 Avenue,53.52105,-113.578083,0.8520383956826295
6437,104A Street & 137 Avenue,53.599387,-113.500223,2.119118527663152
1886,108 Street & Kingsway,53.559828,-113.505738,1.4457874622373599
3074,58 Street & 11A Avenue,53.440405,-113.428135,1.7244935182914334
B0001,Ken Nichol Recreation Centre,53.355742,-113.41426,10.02422132449704
3351,41 Street & 26 Avenue,53.456795,-113.404312,2.0029693941218776
4540,Riverbend Road & Haddow Close,53.459282,-113.592624,1.1723329964181
77330,58 Street & 129 Avenue,53.5877,-113.432652,1.954748570090203
7390,30 Street & 139 Avenue,53.602717,-113.387656,0.9474561712093045
2464,50 Street & 52 Avenue,53.489944,-113.418008,3.9905349321735892
A0857,Kingswood Dr & Kingsway Dr,53.65094,-113.591873,6.334370667105189
1752,115 Street & Kingsway,53.565143,-113.518942,2.111531146969278
E238,109 Street Northbound,53.535733,-113.50798,1.4747543940530299
5086,162 Street & 83 Avenue,53.516802,-113.600933,0.9996363038120963
ODT-1733,120 Street & 103 Avenue,53.54508,-113.528579,2.5852043770591475
7229,82 Street & 128 Avenue,53.58637,-113.46709,2.2846348842151243
98225,66 Street & Ellerslie Road SW,53.424664,-113.442075,3.4636809122079986
ODT-2152,48 Street & 92 Avenue,53.526796,-113.41156,2.0163768116871923
9407,Washburn Drive & Windermere Boulevard SW,53.438503,-113.624588,4.291897935406925
4057,107 Street & 42 Avenue,53.478912,-113.507454,0.23024005645705148
1986,104 Street & 103 Avenue,53.544695,-113.498966,0.6306412631421454
S7323,Meadowview Dr & Blueberry Cr,53.543715,-113.25258,9.656743501219484
33116,97 Street & 42 Avenue,53.480654,-113.4793,1.6530748777174302
E228,Brownlee Building LRT Access,53.547335,-113.487142,0.46036103677863593
9668,Melrose Place & MacEwan Road SW,53.429921,-113.532331,2.5217146935711803
3039,80 Street & Knottwood Road S,53.442846,-113.455106,1.9652656323952242
8469,180 Street & 102 Avenue,53.543376,-113.633269,3.163278638005356
1604,St Albert Trail & Yellowhead Trail,53.580521,-113.556268,1.4437736602022395
ODT-9379,Blackburn Drive & Blackwood Crescent SW,53.429523,-113.499028,3.5474777318083577
5241,Meadowlark Road & 87 Avenue,53.519577,-113.597261,0.6099358362220492
6268,97 Street & 132 Avenue,53.592161,-113.493188,2.866588618939133
77141,59A Street & 167 Avenue,53.628584,-113.430123,1.2487515392729098
8371,Century Road & Kings Link,53.563138,-113.885548,15.122500117877317
A0209,Cunningham Rd & Stanley Dr,53.628685,-113.602929,5.8407376633748
2289,57 Street & Terrace Road,53.54077,-113.423804,0.5655651326952675
66139,152 Street & 131 Avenue,53.590266,-113.584776,2.8082361395101265
2417,58 Street & 90 Avenue,53.523918,-113.425188,1.8578544320934363
7303,97 Street & 165 Avenue,53.626287,-113.48998,2.118855304390914
3270,76 Street & 40 Avenue,53.476207,-113.451065,2.562700091289901
ODT-1856,111 Street & 99 Avenue,53.537212,-113.51173,1.61113756869535
7561,76 Street & Schonsee Drive,53.632477,-113.458719,3.1787833234388247
3952,34 Street & 23 Avenue,53.453734,-113.393091,1.5652779150483709
6246,119 Street & 129 Avenue,53.58753,-113.526354,1.1113321401157625
2116,South Campus Ft Edmonton Station,53.50294,-113.528414,2.755039703154116
F3026,101 Street and 96A Avenue SB,53.706395,-113.209955,15.916170413456358
9822,68 Street & Shaw Way SW,53.414447,-113.444498,4.612104112556991
8104,178 Street & 111 Avenue,53.560272,-113.627176,4.789989111028427
5862,190 Street & 56 Avenue,53.491089,-113.651207,2.1849239444102126
7776,Homestead Crescent & Hermitage Road,53.583596,-113.399692,1.4612806498823396
E273,Millwoods Stop West Entrance,53.458356,-113.431019,0.39347156876251843
2220,94 Street & 51 Avenue,53.488042,-113.472919,2.27980153930815
9289,52 Street & 4 Avenue SW,53.428518,-113.423607,3.081105835115404
5142,156 Street & 111 Avenue,53.559849,-113.59022,2.4479403245018068
S8702,Buckinghm Dr & Broadview Dr,53.550025,-113.313969,5.615865338070386
S7105,Clover Bar Rd & Baseline Rd,53.539111,-113.263498,9.16530317577647
6483,149 Street & 137 Avenue,53.599544,-113.583895,2.927347810024447
1144,54 Street & 121 Avenue,53.575461,-113.4245,1.4657222494138333
L0327,5 Street & 30 Avenue,53.36617,-113.526449,4.656689283106748
A0947,Eldorado Dr & English Way,53.659682,-113.61733,8.263485712416035
1064,101 Street & 103 Avenue,53.54481,-113.493869,0.3149388002243691
2006,Holyrood Stop,53.527466,-113.457359,0.46073433745860826
77692,Cy Becker Boulevard & 167A Avenue NB,53.627497,-113.400281,0.7292903108939742
9790,Anthony Crescent & Allard Boulevard SW,53.397398,-113.533688,1.1513730152908335
ODT-88501,Enoch 108,53.506858,-113.708637,3.30544714615688
1028,48 Street & 114 Avenue,53.566833,-113.415664,1.7485363549579667
77664,76 Street & Crystallina Nera Drive,53.638115,-113.458275,3.3086774008208937
L0338,8 Street & 30 Avenue,53.366953,-113.514738,4.759327338381415
8904,178 Street & Stony Plain Road,53.541494,-113.628473,3.2414979932074477
6686,139 Street & 150 Avenue,53.612474,-113.560023,2.70904417287814
3957,20 Street & Silver Berry Road,53.463386,-113.370649,0.6550869740240028
9048,McMullen Way & MacEwan Road SW,53.428967,-113.521498,2.6192349195111904
ODT-7057,72 Street & 129 Avenue,53.587969,-113.452282,1.7740503436423816
7432,66 Street & 158 Avenue,53.61915,-113.443044,1.7587115098484418
A0098,SWC Ave & Gresham Blvd,53.627197,-113.632856,7.24836456591075
S1008,Sherwood Dr & Festival Ave,53.526339,-113.295845,8.05158167127616
9554,Windermere Wynd & Wheaton Close,53.444615,-113.618953,3.530771810861755
S9016,Nottingham Blvd & Nottingham Rd,53.522298,-113.279489,9.184562702545316
1188,95 Street & Jasper Avenue,53.544658,-113.478599,0.7456403852808495
1240,124 Street & Stony Plain Road,53.546452,-113.536069,2.258240952899139
8068,215 Street & 96 Avenue,53.533594,-113.688321,1.7882501428985798
A0067,St Anne Street & St Albert Place,53.633671,-113.627261,7.391734920683765
7919,73 Street & Schonsee Drive,53.632335,-113.454105,2.875099648658206
A0538,Nakî Transit Station and Park and Ride,53.615453,-113.59348,4.376227974809145
7522,Hollick Kenyon Road & 162 Avenue,53.623604,-113.422433,0.8817600356978837
5183,139 Street & 107 Avenue,53.551017,-113.561752,1.5110440166539088
22399,109 Street & 61 Avenue,53.498107,-113.511379,2.127660967888252
3552,Mill Woods Road E & 34 Avenue,53.463586,-113.406762,2.046001747468643
S5072,Haythorne Rd & Haythorne Cr,53.527263,-113.327435,6.473012772309656
1090,109 Street & 110 Avenue,53.55712,-113.508268,1.7549249242926814
A0320,Giroux Rd & North Ridge Dr,53.643623,-113.668429,10.223953720053812
3376,66 Street & 38 Avenue,53.476277,-113.439357,2.3419763649747782
5393,139 Street & 122 Avenue,53.573488,-113.560896,1.1791290705252806
5610,155 Street & 87 Avenue,53.519537,-113.589175,0.41851846241374396
2394,86 Street & 66 Avenue,53.501628,-113.460248,2.435442391909216
1081,84 Street & 110 Avenue,53.557846,-113.470917,1.4565572816601224
7168,62 Street & 145 Avenue,53.607462,-113.437233,0.7218837811008725
3850,58 Street & 34 Avenue,53.465572,-113.428895,1.1845275875900387
3149,42 Street & Mill Woods Road S,53.442698,-113.406752,2.319862722658309
2434,52 Street & 94B Avenue,53.533874,-113.419516,1.0904067552839196
S9048,Granada Blvd,53.527746,-113.278593,8.884476459767404
9602,Rabbit Hill Road & Glenridding Boulevard SW,53.417328,-113.599022,4.230795843234422
7655,Clareview Road & 132A Avenue,53.593739,-113.384594,1.4147533052299417
1208,Coliseum Transit Centre Bay I,53.570999,-113.459888,0.9841002749332824
2925,122 Street & 53 Avenue,53.490969,-113.5413,2.779202832286955
5959,189 Street & 92 Avenue,53.526547,-113.648756,1.2794844510576384
77151,90 Street & 132 Avenue,53.591753,-113.479817,2.6016013903361523
6020,127 Street & 132 Avenue,53.59227,-113.54231,0.19536595385743077
1341,95 Street & 113 Avenue,53.562336,-113.487266,0.48069635436995134
3902,Mill Woods Transit Centre Bay B,53.457503,-113.428473,0.45434194225037355
A0342,Carleton Drive & Centre Street,53.646868,-113.574139,5.145695679056781
6486,126 Street & 153 Avenue,53.616869,-113.539154,1.4956883715751663
2063,97 Street & 51 Avenue,53.488067,-113.478575,1.9463480561138657
5107,Jasper Place Transit Centre Bay H,53.540651,-113.592094,1.9425998990069866
3855,24 Street & 23 Avenue,53.454129,-113.378583,0.6612094960750232
E257,,53.540924,-113.494602,0.4171014761853829
8998,184 Street & 111 Avenue,53.559135,-113.639769,4.368367996922305
5418,170 Street Service Road & 114 Avenue,53.562955,-113.61388,3.977643182530669
7294,77 Street & 149A Avenue,53.610772,-113.460553,1.274290287196419
66157,Admiral Girouard Street & Juchli Avenue,53.601734,-113.51231,1.5844010575919731
ODT-88346,Lewis Greens Drive & 98 Avenue,53.536099,-113.673618,1.4635191411344377
1575,115 Street & Jasper Avenue,53.540834,-113.518282,1.91921198902571
F1012,Westpark Way and Riverpark Road SB,53.687677,-113.259847,12.018117048672925
7945,95 Street & 167 Avenue,53.628064,-113.487275,2.378320665861345
22657,83 Street & 93 Avenue,53.527801,-113.455717,0.5362084585845853
S9233,Foxboro Dr & Foxhaven Wy,53.525747,-113.252386,10.486036444212466
8457,Glastonbury Boulevard & 62 Avenue,53.494226,-113.669758,3.0873818693054433
3276,Jackson Road & 44 Avenue,53.481746,-113.411023,3.3127569653117126
3104,31A Street & 34A Avenue,53.466348,-113.388045,1.5311628999024374
7814,87 Street & 175 Avenue,53.637591,-113.473988,3.7252535256029438
7481,Clareview Road & 135 Avenue,53.596215,-113.382999,1.3655623227648175
4546,106 Street & Whitemud Drive,53.480389,-113.502365,0.1539783061921567
3413,32 Street & Silver Berry Road,53.4571,-113.385212,0.985644232789672
7725,50 Street & 127 Avenue,53.585716,-113.418457,2.0567110123289574
2664,106 Street & 64 Avenue,53.500715,-113.504502,2.1371267986082634
77680,66 Street & 178 Avenue,53.639922,-113.44296,2.4840164112103755
1688,118 Street & Jasper Avenue,53.541034,-113.525502,2.3908156469664434
7986,Hooke Road E Ent & Hermitage Road,53.581246,-113.376442,1.4188702040234689
A0545,Nakî Transit Station and Park and Ride,53.615772,-113.593575,4.403660541054506
4810,Leger Transit Centre Bay J,53.455401,-113.580447,1.4628124506796603
S1087,Gatewood Blvd & Glacier Cr,53.534024,-113.291079,7.809655731049556
1471,97 Street & 111 Avenue,53.559435,-113.491542,0.8540631249784346
1904,Airport Road E & Kingsway,53.565882,-113.520017,2.1777225475662285
A0308,Jensen Lakes Blvd & Jensen Crossing,53.665203,-113.639211,9.799957423794654
4308,Hodgson Boulevard & Hilliard Green,53.460677,-113.559441,1.8298214348039843
6398,113A Street & 134 Avenue,53.594872,-113.515991,1.8126659222634027
ODT-4345,124 Street & 40 Avenue,53.476122,-113.546952,2.591604754018873
8941,178 Street & Stony Plain Road,53.541186,-113.626573,3.1223199551731673
7189,93 Street & 150 Avenue,53.610913,-113.482886,2.2970526316711646
8593,Lakeland Drive & Lancaster Close,53.547796,-113.880261,14.373310900526832
7452,82 Street & 144 Avenue,53.606795,-113.4663,1.409071319896414
1117,MacEwan Station,53.547806,-113.499219,0.7949296875875883
11326,107 Street & 111 Avenue,53.558787,-113.504897,1.464866498745831
5850,163 Street & 114 Avenue,53.562957,-113.602161,3.201377088880606
6653,116 Street & 137 Avenue,53.599403,-113.521104,1.7207323444314857
7550,40 Street & 139 Avenue,53.600322,-113.40486,0.23188276812820743
3001,Lakewood 3001,53.458585,-113.445703,0.8293969576063204
1306,Government Transit Centre Bay F,53.536395,-113.504498,1.2444668544793323
1272,122 Street & 111 Avenue,53.558806,-113.532005,1.5496824900486008
3387,Jackson Road & Jamha Road,53.483874,-113.409192,3.5789429999895606
66093,149 Street & 131 Avenue,53.590406,-113.578387,2.3850606172410194
6658,123 Street & Rapperswill Drive,53.632954,-113.535383,2.2828705109671157
5493,167 Street & 83 Avenue,53.516564,-113.609401,1.4622376846803913
7927,Brintnell Boulevard & 160 Avenue,53.622526,-113.402425,0.840393440964205
A0014,Oakland Way & Olmstead Ct,53.66281,-113.613527,8.277768969575389
1401,Stadium Transit Centre Bay A,53.559672,-113.471508,1.2967254023617794
9284,141 Street & Parker Gate SW,53.417171,-113.565277,2.1349374927704736
QCHU,Churchill Stop,53.543471,-113.489376,0.01972109408132577
1657,127 Street & 107 Avenue,53.551054,-113.54176,1.6253618333188282
88717,Stillwater Boulevard & Sunwapta Way,53.447129,-113.673343,6.403382379963844
5375,168 Street & 88 Avenue,53.52429,-113.612411,1.4646283435656853
5636,178 Street & Callingwood Road,53.496973,-113.629394,0.7879542044483305
5331,149 Street & 110 Avenue,53.555903,-113.578507,1.8521261472557382
S6138,Alder Av & Alderwood Cr,53.518527,-113.286584,8.77913423955822
22158,113 Street & 67 Avenue,53.503633,-113.523013,2.443424442272288
6562,116 Street & 152 Avenue,53.611983,-113.52116,0.5139903409704113
99658,159 Street & 28 Avenue SW,53.410195,-113.601377,4.254060650818223
7536,66 Street & 129 Avenue,53.587566,-113.442262,1.7811239884045014
9186,141 Street & Hays Ridge Boulevard SW,53.416447,-113.565542,2.1109100445918454
9760,Alwood Bend & Allard Boulevard SW,53.399088,-113.536788,0.935421327912581
6763,139 Street & 159 Avenue,53.61964,-113.56208,3.0386743885474385
6593,97 Street & 160 Avenue,53.621336,-113.493318,1.66401418480826
2978,116 Street & Belgravia Road,53.506428,-113.532227,2.723171885141976
S5005,Main Blvd & Mardale Cr,53.534174,-113.297044,7.469614462096325
A0879,Pineview Dr & Parkwood Dr,53.638907,-113.588224,5.3930333237015295
S6006,Fir St,53.513757,-113.323791,6.983359138024439
E167,Coliseum Transit Centre,53.571054,-113.458633,0.9013974133788112
9842,Cunningham Way & Cunningham Way SW,53.405957,-113.531408,0.44341088162130543
1435,101 Street & 112 Avenue,53.560755,-113.493876,0.7926795128251164
1138,95 Street & 117 Avenue,53.569215,-113.487092,0.2850054476688784
8536,West Henday Promenade Access & Webber Greens Drive,53.523797,-113.669073,0.11901768991296485
7817,71 Street & Ozerna Road,53.627537,-113.450873,2.6199002966359557
4645,Terwillegar Common W & South Terwillegar Boulevard,53.442857,-113.581145,2.8474979896359685
8864,170 Street & 117 Avenue,53.567869,-113.615097,4.0827984130457216
34667,55 Street & 40 Avenue,53.475866,-113.419999,2.4653012755499235
6216,148 Street & 137 Avenue,53.599546,-113.580351,2.7082374105832843
1621,116 Street & 100 Avenue,53.539243,-113.521247,2.143408068474452
3984,66 Street & 34 Avenue,53.464677,-113.435897,1.032438655596324
9035,Edwards Drive & 5 Avenue SW,53.429011,-113.459599,3.385742584066981
3056,72 Street & Knottwood Road N,53.450603,-113.443067,0.7895764403898361
A0763,Perron St & St Thomas Street,53.632695,-113.624345,7.174630093061653
2332,87 Street & 51 Avenue,53.487985,-113.45833,3.183657460281039
8835,178 Street & 104 Avenue,53.547396,-113.627265,3.634693859266
8809,Deer Park Drive & Grove Drive,53.559459,-113.929683,17.845704138458945
4027,Riverbend Road & 56 Avenue,53.493445,-113.578385,2.810854620126715
5215,142 Street & 123 Avenue,53.576813,-113.567049,1.695560888543287
7490,53 Street & 144 Avenue,53.606774,-113.422338,1.4915926373370592
A0249,Sturgeon Rd & Beaverbrook Cres,53.64449,-113.612453,7.101067158666896
5640,172 Street & 64 Avenue,53.49995,-113.620925,0.5454772478277563
S7511,Summerwood Blvd & Summerland Wy,53.55983,-113.26985,8.10408040368696
6890,131 Street & 153 Avenue,53.616338,-113.546089,1.950463957335674
A0254,St Anne Street & St Thomas Street,53.632094,-113.627307,7.2813373092433515
A0645,Heritage Drive & Hudson Road,53.612406,-113.620434,5.71347131449804
1454,50 Street & 118 Avenue,53.570756,-113.418281,1.773518456855985
E143,,53.536701,-113.510298,1.5509258002259245
9431,Watt Promenade & Watt Drive SW,53.415899,-113.430257,4.409737417144018
L0104,42 Street & Rollyview Road,53.250444,-113.532601,17.48005581244778
11096,Central Lions Recreation Centre,53.559544,-113.51502,2.0076459225471712
2323,Fulton Road & 103A Avenue,53.545494,-113.428096,0.66348926643196
3985,66 Street & 36A Avenue,53.470358,-113.43848,1.6819682213729168
6188,170 Street & 128A Avenue,53.585399,-113.615412,4.735519584749984
6331,104 Street & 176 Avenue,53.639927,-113.502716,2.8455428634687716
2449,50 Street & 106 Avenue,53.550919,-113.418741,1.5033131611623909
9067,62 Street & 5 Avenue SW,53.42853,-113.436478,2.9987033899540254
F1024,Woodbridge Link and Caragana Way EB,53.677828,-113.257873,11.563503917936211
A0513,Harwood Dr & Heritage Blvd,53.610414,-113.636428,6.609026455220712
8691,172 Street & 103 Avenue,53.545634,-113.617767,3.084232577706327
2306,Capilano Transit Centre Bay F,53.538589,-113.423205,0.6221913449058171
5993,175 Street & 100 Avenue,53.538849,-113.621478,2.6963638369843443
7366,Lago Lindo Crescent & 168 Avenue,53.630474,-113.487161,2.548252095629542
4441,Riverbend Road & Rhatigan Road W,53.476432,-113.585621,0.9029822850286341
L0354,5 Street & 17 Avenue,53.331017,-113.531341,8.519904175071686
A0937,Oakridge Dr N & Oakland Way,53.661383,-113.611757,8.086838066845214
9197,James Mowatt Trail & 22 Avenue SW,53.408958,-113.531684,0.42452921080779815
3585,Mill Woods Road E & 36 Avenue,53.467549,-113.408984,2.1586960726195077
3505,Tamarack Road & Maple Road,53.4765,-113.364082,2.1554704631833483
5648,166A Street & 109 Avenue,53.556473,-113.607984,3.6767008918802446
9572,Wright Drive & 8 Avenue SW,53.426432,-113.626922,5.480052722592297
9160,Callaghan Drive & Callaghan Court SW,53.411097,-113.524025,0.9865489951169923
2756,94 Street & 58 Avenue,53.493977,-113.473044,2.6185637293285424
6523,108 Street & 134A Avenue,53.594905,-113.505898,2.424858678007191
4203,Century Park Transit Centre Bay C,53.457458,-113.515458,2.564589535527802
1385,95 Street & 101A Avenue,53.54476,-113.478411,0.7599529736613191
5399,152 Street & 87 Avenue,53.519533,-113.582838,0.648430748146274
3197,99 Street & 41 Avenue,53.476751,-113.485986,1.2420080864083665
2010,75 Street & Roper Road,53.493346,-113.44072,3.5774236104511408
A0025,Gainsborough Avenue & Grosvenor Boulevard,53.617188,-113.623628,6.143888941830016
E112,107 Street & Jasper Avenue North,53.54122,-113.50463,1.020123348634095
5830,188 Street & Ormsby Road West N Ent,53.5018,-113.649045,1.5399170915595362
3328,62 Street & 38 Avenue,53.474754,-113.43344,2.1499346730542297
1791,St Albert Trail & 112A Avenue,53.560919,-113.543812,0.7371078043387326
4124,Saddleback Road & 26 Avenue,53.458778,-113.529923,2.8718054064845466
5613,163 Street & 92 Avenue,53.526835,-113.602872,0.9195344818124963
77455,50 Street & 167 Avenue,53.628782,-113.412502,0.12380968551177116
5569,136 Street & 107 Avenue,53.550822,-113.555811,1.4452256739606302
L0353,5 Street & 18 Avenue,53.33368,-113.531501,8.223365292536844
A0144,Heritage Way & Hillcrest Place,53.611162,-113.627744,6.10124441391749
A0427,Dorchester Dr & Dalhousie St,53.652058,-113.651008,9.764963837557632
8629,172 Street & 107 Avenue,53.553348,-113.618726,3.842662748634636
5048,149 Street & 107 Avenue,53.551129,-113.57924,2.1915100192449493
3781,12 Street & Maple Road,53.47608,-113.360655,2.1663382382569956
4184,109 Street & Bearspaw Drive East,53.445164,-113.507947,3.828313911477078
A0827,Langholm Dr & Dawson Rd,53.644076,-113.634726,8.425260859643018
1258,95 Street & 117 Avenue,53.568682,-113.487343,0.22590957933752595
5050,156 Street & 104 Avenue,53.546652,-113.590213,2.6072679952790545
4497,119 Street & 25 Avenue,53.456626,-113.534855,3.2616579868563775
3256,78 Street & 36 Avenue,53.468263,-113.452095,1.8492347836939615
9126,69 Street & Stanton Drive SW,53.420161,-113.445956,4.001530471258083
2493,65 Street & 104 Avenue,53.546593,-113.430723,0.7329003833961903
9113,Watt Promenade & 18 Avenue SW,53.417435,-113.43056,4.237879104896618
4584,106 Street & 31 Avenue,53.463062,-113.502455,1.831272100234811
7886,50 Street & 128 Avenue,53.585984,-113.418091,2.0185369986858066
2206,Southgate Transit Centre Bay F,53.485272,-113.516111,1.0237685819830862
E34,,53.485544,-113.516155,1.0453037546832484
A0129,St Albert Trail & Sterling St,53.628043,-113.618902,6.565491283856331
1821,122 Street & 118 Avenue,53.57042,-113.532949,1.5717558819240547
6569,129 Street & 160 Avenue,53.622851,-113.544388,2.000064278011105
A0463,Kingswood Dr & Kings Gate,53.654445,-113.595474,6.764547160435204
S8218,Bethel Transit Terminal,53.542949,-113.304988,6.507507761107478
3130,57 Street & 19A Avenue,53.451198,-113.428129,0.6291371996506767
1981,Stadium Station,53.560126,-113.47046,1.3245704353077414
6557,Griesbach Road & Martin Avenue,53.611692,-113.508784,0.6873107682486782
5281,156 Street & 87 Avenue,53.519338,-113.589621,0.43577938952303247
3634,33A Street & Silver Berry Road,53.463222,-113.390557,1.4831506399177279
ODT-99084,34 Street & Charlesworth Drive SW,53.430284,-113.394266,3.4195441528831494
9630,Rabbit Hill Road & Ellerslie Road SW,53.425204,-113.586306,3.7936690231208923
8136,Lewis Greens Drive & 94 Avenue,53.530306,-113.676116,0.9555669233574521
9461,178 Street & Wright Drive SW,53.428164,-113.626544,5.303203039457501
3917,Mill Woods Transit Centre Bay Q,53.457326,-113.428145,0.464071648203896
2176,46 Street & 109 Avenue,53.557218,-113.413886,2.2298049822626287
2037,81 Street & 82 Avenue,53.518157,-113.453235,0.7211379503777697
5071,163 Street & 93 Avenue,53.529131,-113.602835,1.0545325864418298
77121,59A Street & 162B Avenue,53.625754,-113.429081,1.2026614639557982
5913,Westmount North Entrance,53.562598,-113.553621,0.12983086914306152
S9219,Regency Dr & Ridgebrook Rd,53.5158,-113.252313,10.174980756511209
7010,Northgate Transit Centre Bay G,53.599809,-113.489352,2.5303917635229167
ODT-2922,112 Street & 57 Avenue,53.494812,-113.520624,2.0271291513732574
9365,Callaghan Drive & Caine Boulevard SW,53.408006,-113.525836,0.7824729007231431
6357,Castle Downs Road & 137 Avenue,53.600392,-113.516535,1.707719540064978
4366,Carter Crest Road W & Rabbit Hill Road,53.467278,-113.578386,0.3784447874571055
5571,174 Street & 98A Avenue,53.53307,-113.621091,2.3114485599076784
F3001,99 Avenue and Highway 15 NB,53.702932,-113.225425,14.852142916586883
4744,Stein Way & Simpson Drive,53.43664,-113.584969,3.5349755883621814
E103,104 Street & Jasper Avenue South,53.540645,-113.499146,0.6935199022858497
77631,54 Street & 159 Avenue,53.621412,-113.418676,0.8760185102226713
1665,131 Street & Sherbrooke Avenue,53.578067,-113.55057,1.4880865835559085
L0152,Sparrow Crescent & Sparrow Drive,53.305986,-113.542745,11.300825338579216
2588,75 Street & McIntyre Road,53.494654,-113.442957,3.390651542097259
5824,176 Street & 81 Avenue,53.514097,-113.624241,1.1557138492861772
S8010,Broadway Blvd at Robin Hood,53.543404,-113.311286,6.1211109130185335
6167,115 Street & 129 Avenue,53.58765,-113.520318,1.494624430646794
4420,109 Street & 29A Avenue,53.461113,-113.51205,2.111515101566242
2785,109 Street & 86 Avenue,53.52167,-113.512235,1.0092339476441174
E56,,53.540792,-113.49457,0.4245450209004467
3179,38 Street & 20 Avenue,53.451026,-113.400288,2.112931531826757
3727,99 Street & 22 Avenue,53.452585,-113.486175,3.222492051452262
4252,Riverbend Road & Falconer Gate,53.467754,-113.594701,0.7294767157844599
1267,40 Street & 114 Avenue,53.566843,-113.40342,1.0069879874179084
4216,Century Park Transit Centre Bay P,53.457322,-113.51597,2.589191654999509
7504,97 Street & 162 Avenue,53.623643,-113.489984,1.970849754169143
6712,130 Street & 165 Avenue,53.626962,-113.547545,2.3968493955324015
A0226,Sturgeon Road & Botanic Park,53.651467,-113.600177,6.808578988697937
8238,Glastonbury Boulevard & Galland Crescent,53.499796,-113.669148,2.639728899912582
1879,124 Street & 109 Avenue,53.554287,-113.535782,1.5957264970104654
9359,103A Street & Ellerslie Road SW,53.424923,-113.496419,3.35479678345163
3223,48 Street & 28 Avenue,53.459261,-113.417514,1.1981254086188933
5906,160 Street & 114 Avenue,53.562954,-113.596025,2.794995446069544
5089,Dechene Way & Lessard Road,53.487035,-113.637951,2.0225031466949988
1673,103 Street & Jasper Avenue,53.541022,-113.496797,0.5349062187614527
7142,91 Street & 177 Avenue,53.639578,-113.479416,3.620011347225219
1591,101 Street & MacDonald Drive,53.540249,-113.493597,0.4219221808428886
7760,50 Street & Hermitage Road,53.590211,-113.417588,1.6188642174956882
2551,83 Street & 84 Avenue,53.519812,-113.454844,0.5091047284431632
1466,112 Street & Jasper Avenue,53.540832,-113.512621,1.548376038182056
6328,127 Street & 129 Avenue,53.587624,-113.542234,0.32188474153093655
S8816,Streambank Av,53.560177,-113.325305,4.506984269083841
9558,Windermere Wynd & Wheaton Drive,53.445114,-113.618665,3.4765442227589163
A0837,McKenney Ave & Muir Dr,53.642687,-113.629285,8.033725086479693
2087,89 Street & 82 Avenue,53.518086,-113.465411,0.723842741798606
1277,86 Street & 114 Avenue,53.564521,-113.473178,0.9572576594507615
3912,Mill Woods Transit Centre Bay L,53.457061,-113.429807,0.3530217972222018
S5150,Main Blvd & Millers Rd,53.535528,-113.30184,7.121891536259478
5807,185 Street & 87 Avenue,53.521576,-113.644138,1.5544401907131906
5890,163 Street & 89 Avenue,53.524149,-113.602909,0.8359795128610782
6747,132 Street & 160 Avenue,53.621345,-113.553381,2.5105986133608433
2270,99 Street & 51 Avenue,53.488055,-113.484368,1.6214849304061654
8680,199 Street & 48 Avenue,53.484424,-113.664572,3.3413128191217605
4382,Rabbit Hill Road & MacTaggart Drive,53.4397,-113.565451,3.417501727065999
1130,95 Street & 111 Avenue,53.559911,-113.487691,0.7513335942776664
7862,27 Street & Clareview Road E Ent nearside,53.59132,-113.382905,1.6715724661243312
5352,155 Street & 76 Avenue,53.507947,-113.588546,1.704919828965876
7630,Homestead Crescent & Hooke Road,53.584524,-113.395103,1.4644506810695077
2457,85 Street & 95 Avenue,53.531792,-113.456977,0.9359853370191701
3132,55 Street & 19A Avenue,53.450746,-113.425412,0.7927034723781397
3825,94 Street & 23 Avenue,53.452242,-113.474476,2.6873849721587604
7058,64 Street & 158 Avenue,53.619482,-113.440596,1.818955534835617
9103,175 Street & 10 Avenue SW,53.423701,-113.622445,5.598705930200307
2377,88 Street & 51 Avenue,53.488197,-113.461043,3.0196499998307615
55091,175 Street & 100 Avenue,53.539154,-113.622035,2.746478388629502
S8211,Bethel Transit Terminal,53.54294,-113.30711,6.3858647817018195
